44 286
0 24
0 16
0 22
0 24
0 10
0 21
0 28
0 17
0 2
0 33
0 21
1 37
1 19
1 12
1 19
1 25
1 9
1 37
1 11
1 35
1 22
1 11
1 33
1 4
2 27
2 36
2 4
2 7
2 9
2 23
2 2
2 2
2 3
2 22
2 22
2 14
2 38
2 0
2 27
2 12
2 34
2 30
2 23
2 22
3 23
3 25
3 22
3 39
3 8
3 23
3 16
3 2
3 20
3 22
3 6
3 34
3 10
3 34
3 9
3 21
3 42
4 2
4 21
4 19
4 8
4 14
4 34
4 26
4 41
4 11
4 1
5 19
5 6
5 19
5 33
5 39
5 41
5 10
5 9
5 27
5 35
5 33
6 15
6 5
6 26
6 13
6 31
6 3
6 37
6 26
6 26
6 39
6 11
6 34
6 28
7 24
7 36
7 25
7 2
7 38
7 8
7 19
7 35
7 16
7 30
7 25
7 14
7 18
8 43
8 8
8 8
8 20
8 16
8 15
8 34
8 3
8 14
8 7
8 4
8 17
8 26
8 14
8 19
9 13
9 32
9 2
9 28
9 23
9 33
9 1
9 30
9 35
9 5
9 3
9 22
9 10
10 22
10 29
10 19
10 28
10 16
10 27
10 33
10 25
10 0
10 21
10 23
10 3
10 5
10 14
10 9
10 32
11 35
11 33
11 21
11 1
11 39
11 28
11 24
11 18
11 1
11 4
11 6
11 22
12 39
12 38
12 1
12 40
12 24
12 18
12 26
12 33
12 16
12 17
12 2
13 34
13 9
13 42
13 22
13 17
13 6
13 42
13 42
14 18
14 34
14 8
14 22
14 33
14 4
14 2
14 42
14 33
14 8
14 18
14 39
14 10
14 17
14 36
14 7
14 15
14 35
15 19
15 8
15 29
15 6
15 41
15 20
15 31
15 42
15 41
15 35
15 27
15 14
15 34
16 27
16 8
16 0
16 3
16 10
16 31
16 28
16 12
16 7
16 29
16 37
16 18
17 43
17 36
17 13
17 8
17 27
17 35
17 0
17 39
17 12
17 32
17 33
17 14
18 38
18 14
18 28
18 40
18 12
18 11
18 14
18 42
18 7
18 36
18 37
18 16
19 5
19 31
19 15
19 21
19 10
19 5
19 4
19 42
19 1
19 1
19 37
19 7
19 8
19 39
19 27
19 34
19 43
20 8
20 35
20 15
20 3
20 27
20 32
20 26
20 21
20 34
20 33
21 4
21 19
21 22
21 11
21 30
21 0
21 20
21 10
21 36
21 41
21 34
21 3
21 22
21 30
21 0
22 10
22 3
22 0
22 13
22 14
22 37
22 21
22 2
22 22
22 22
22 41
22 31
22 2
22 43
22 36
22 3
22 1
22 21
22 9
22 11
22 2
23 3
23 31
23 2
23 31
23 9
23 39
23 3
23 38
23 36
23 34
23 30
23 41
23 10
23 25
23 2
24 7
24 0
24 31
24 12
24 0
24 38
24 43
24 11
25 3
25 7
25 40
25 42
25 40
25 27
25 1
25 39
25 10
25 41
25 35
25 23
25 35
25 42
25 28
25 30
25 7
26 6
26 34
26 12
26 8
26 20
26 40
26 6
26 4
26 6
27 32
27 42
27 16
27 2
27 39
27 10
27 25
27 17
27 20
27 19
27 15
27 5
27 2
27 41
27 30
28 10
28 9
28 18
28 16
28 0
28 35
28 11
28 25
28 40
28 6
29 15
29 10
29 33
29 36
29 35
29 30
29 34
29 16
29 39
30 43
30 41
30 21
30 9
30 29
30 32
30 23
30 7
30 25
30 21
30 2
30 27
31 19
31 40
31 23
31 24
31 23
31 43
31 15
31 16
31 22
31 35
31 6
31 34
32 27
32 36
32 9
32 42
32 20
32 30
32 39
32 17
32 10
33 29
33 5
33 40
33 9
33 14
33 10
33 11
33 12
33 14
33 0
33 17
33 1
33 20
33 5
34 43
34 13
34 8
34 14
34 26
34 40
34 23
34 4
34 31
34 41
34 3
34 29
34 3
34 21
34 19
34 20
34 2
34 6
34 15
35 20
35 11
35 31
35 29
35 17
35 28
35 1
35 25
35 7
35 9
35 25
35 15
35 38
35 5
35 14
36 2
36 7
36 32
36 17
36 29
36 22
36 23
36 21
36 14
36 18
37 38
37 1
37 22
37 43
37 38
37 1
37 6
37 19
37 43
37 40
37 16
37 18
38 37
38 18
38 7
38 12
38 40
38 42
38 23
38 37
38 2
38 24
38 35
39 3
39 27
39 12
39 41
39 23
39 25
39 5
39 17
39 11
39 32
39 19
39 14
39 6
39 29
40 31
40 25
40 38
40 18
40 25
40 33
40 12
40 34
40 43
40 37
40 26
40 28
41 39
41 15
41 30
41 22
41 5
41 34
41 25
41 23
41 15
41 21
41 4
41 27
42 27
42 13
42 32
42 19
42 25
42 38
42 14
42 15
42 25
42 13
42 3
42 18
42 13
43 8
43 34
43 17
43 30
43 31
43 37
43 22
43 24
43 37
43 40
43 19
6
3
28
6
13
35
11
14
37
30
9
33
39
23
8
14
32
24
20
10
34
26
14
-1
-1
-1
-1
-1
-1
-1
-1
-1
-1
-1
-1
-1
-1
