37 252
0 23
0 8
0 21
0 31
0 13
0 9
0 8
0 6
0 21
0 28
0 9
0 32
0 16
0 8
0 2
0 16
1 27
1 26
1 15
1 1
1 1
1 9
1 10
1 11
1 2
1 26
1 31
1 13
1 30
1 15
2 28
2 25
2 17
2 18
2 12
2 28
2 35
2 33
2 1
2 19
2 13
2 24
2 30
2 12
2 0
3 17
3 9
3 36
3 23
3 16
3 9
3 20
3 9
3 35
3 8
3 20
3 5
3 23
3 32
4 23
4 11
4 28
4 18
4 13
4 13
4 14
4 21
4 19
4 8
5 25
5 6
5 31
5 13
5 22
5 14
5 3
5 22
5 21
5 13
5 18
6 29
6 20
6 35
6 20
6 5
6 8
6 32
6 0
6 10
6 26
6 6
6 6
6 25
6 22
6 10
6 21
6 26
6 31
6 34
6 15
6 28
6 17
6 17
7 26
7 21
7 20
7 24
8 27
8 16
8 0
8 0
8 16
8 6
8 16
8 16
8 3
8 34
8 14
8 36
8 20
8 0
8 9
8 35
8 4
9 3
9 3
9 15
9 1
9 17
9 0
9 3
9 22
9 0
9 13
9 36
9 21
9 8
9 18
10 22
10 16
10 17
10 35
10 1
10 35
10 6
10 26
10 6
10 23
10 36
10 24
11 24
11 22
11 29
11 20
11 21
11 1
11 20
11 4
11 15
11 25
12 36
12 15
12 2
12 35
12 24
12 32
12 15
12 27
12 26
12 2
12 19
13 17
13 0
13 20
13 18
13 5
13 31
13 27
13 9
13 2
13 1
13 23
13 4
13 4
13 25
13 5
13 28
14 21
14 17
14 26
14 34
14 5
14 8
14 4
14 26
14 28
14 26
14 35
14 33
15 9
15 1
15 12
15 36
15 16
15 12
15 19
15 17
15 11
15 6
15 22
15 23
15 1
15 35
15 25
15 17
16 10
16 3
16 8
16 8
16 8
16 19
16 15
16 25
16 8
16 31
16 0
16 17
16 17
16 0
17 3
17 14
17 10
17 2
17 19
17 9
17 36
17 13
17 31
17 25
17 21
17 30
17 15
17 36
17 17
17 17
17 16
17 16
17 6
17 36
17 6
17 15
17 21
18 2
18 22
18 30
18 13
18 19
18 4
18 29
18 27
18 27
18 25
18 5
18 9
18 36
19 31
19 27
19 17
19 35
19 16
19 18
19 15
19 2
19 12
19 4
19 36
19 20
20 30
20 6
20 11
20 32
20 26
20 6
20 3
20 13
20 11
20 7
20 27
20 36
20 3
20 21
20 8
20 36
20 21
20 19
21 14
21 28
21 35
21 0
21 7
21 35
21 11
21 31
21 34
21 17
21 33
21 22
21 0
21 6
21 20
21 23
21 9
21 5
21 4
21 20
21 17
22 10
22 26
22 27
22 11
22 33
22 18
22 9
22 21
22 5
22 28
22 6
22 5
22 15
22 36
23 3
23 0
23 4
23 28
23 31
23 24
23 13
23 10
23 21
23 28
23 3
23 15
24 11
24 33
24 12
24 30
24 35
24 23
24 36
24 2
24 30
24 30
24 7
24 30
24 10
24 30
25 2
25 35
25 5
25 32
25 32
25 33
25 17
25 16
25 6
25 28
25 18
25 26
25 13
25 11
25 15
26 22
26 32
26 7
26 1
26 14
26 20
26 1
26 10
26 6
26 6
26 14
26 12
26 25
26 29
26 14
27 1
27 8
27 22
27 19
27 36
27 13
27 12
27 18
27 20
27 29
27 18
28 33
28 21
28 2
28 23
28 2
28 4
28 0
28 22
28 25
28 14
28 6
28 23
28 13
28 32
29 6
29 11
29 36
29 18
29 27
29 30
29 26
30 20
30 18
30 24
30 17
30 2
30 24
30 1
30 24
30 29
30 33
30 24
30 32
30 24
31 19
31 0
31 23
31 17
31 5
31 21
31 13
31 35
31 1
31 16
31 34
31 6
32 26
32 25
32 20
32 25
32 6
32 12
32 36
32 0
32 30
32 3
32 28
33 28
33 24
33 25
33 22
33 2
33 21
33 30
33 35
33 14
34 14
34 21
34 8
34 31
34 6
35 10
35 25
35 21
35 6
35 12
35 21
35 19
35 10
35 3
35 2
35 24
35 31
35 36
35 15
35 33
35 8
35 14
36 12
36 3
36 17
36 29
36 15
36 27
36 17
36 8
36 24
36 20
36 32
36 10
36 35
36 9
36 20
36 19
36 18
36 17
36 22
9
8
25
31
13
2
33
4
18
26
12
22
7
15
12
29
36
23
30
17
24
11
0
12
-1
-1
-1
-1
-1
-1
-1
-1
-1
-1
-1
-1
