38 216
0 26
0 7
0 24
0 22
0 7
0 0
0 0
0 4
0 21
0 34
0 9
0 9
0 21
1 7
1 15
1 26
1 1
1 1
1 28
1 28
1 31
1 24
1 32
1 24
1 31
2 11
2 32
2 29
2 16
2 23
2 5
2 30
2 3
2 30
2 15
2 18
2 22
2 12
2 6
2 28
2 34
3 20
3 26
3 26
3 2
3 37
3 11
3 28
3 3
3 3
3 32
3 33
3 33
4 36
4 0
4 5
4 35
4 18
4 18
4 12
5 27
5 12
5 2
5 22
5 6
5 15
5 37
5 4
5 12
5 26
5 17
5 6
5 10
6 27
6 7
6 25
6 5
6 35
6 30
6 28
6 2
6 5
7 26
7 0
7 6
7 14
7 8
7 0
7 1
7 21
7 35
7 18
7 28
7 10
7 13
7 14
7 34
8 7
8 11
8 21
8 28
8 24
8 14
8 26
8 17
8 21
8 18
8 11
9 12
9 13
9 31
9 9
9 9
9 33
9 11
9 20
9 27
9 0
9 0
9 13
9 14
10 29
10 16
10 31
10 12
10 23
10 24
10 36
10 7
10 34
10 16
10 5
10 37
10 13
11 14
11 2
11 23
11 20
11 8
11 25
11 35
11 3
11 33
11 9
11 21
11 22
11 35
11 28
11 27
11 8
12 9
12 20
12 33
12 5
12 22
12 36
12 16
12 10
12 5
12 36
12 2
12 4
12 24
13 9
13 33
13 22
13 18
13 22
13 9
13 7
13 26
13 16
13 10
14 11
14 16
14 21
14 15
14 7
14 18
14 21
14 8
14 20
14 25
14 24
14 17
14 26
14 7
14 9
15 14
15 29
15 26
15 25
15 1
15 34
15 18
15 5
15 16
15 17
15 2
15 36
15 24
15 37
16 17
16 14
16 29
16 2
16 10
16 29
16 32
16 37
16 15
16 36
16 12
16 32
16 27
16 13
16 10
17 16
17 21
17 15
17 8
17 33
17 5
17 14
18 27
18 24
18 14
18 24
18 15
18 21
18 7
18 2
18 13
18 4
18 4
18 36
18 8
18 31
19 34
19 22
19 34
19 36
19 28
19 22
20 3
20 12
20 11
20 35
20 9
20 14
21 14
21 17
21 33
21 7
21 8
21 14
21 18
21 22
21 0
21 11
21 8
21 0
22 0
22 5
22 12
22 32
22 13
22 21
22 19
22 2
22 11
22 32
22 13
22 25
22 19
23 2
23 11
23 30
23 28
23 10
23 28
24 18
24 0
24 18
24 33
24 8
24 25
24 36
24 30
24 1
24 28
24 14
24 15
24 10
24 12
24 1
24 25
25 6
25 15
25 29
25 11
25 24
25 14
25 22
25 24
25 27
26 7
26 0
26 15
26 3
26 27
26 3
26 32
26 1
26 8
26 5
26 14
26 13
27 18
27 6
27 5
27 32
27 26
27 37
27 9
27 16
27 11
27 25
28 37
28 8
28 3
28 1
28 23
28 1
28 32
28 7
28 23
28 24
28 19
28 11
28 6
28 2
29 37
29 10
29 16
29 15
29 2
29 16
29 25
29 35
29 30
29 34
30 32
30 2
30 35
30 23
30 2
30 24
30 29
30 6
30 33
31 9
31 10
31 1
31 36
31 18
31 1
32 35
32 2
32 30
32 16
32 27
32 26
32 22
32 36
32 16
32 35
32 28
32 3
32 22
32 1
33 36
33 13
33 12
33 21
33 24
33 9
33 11
33 3
33 17
33 3
33 30
34 15
34 19
34 36
34 0
34 19
34 29
34 10
34 7
34 2
35 32
35 30
35 7
35 6
35 11
35 20
35 29
35 32
35 4
35 11
36 33
36 4
36 12
36 24
36 16
36 32
36 15
36 34
36 19
36 18
36 12
36 31
36 10
37 29
37 28
37 16
37 5
37 3
37 27
37 15
37 10
6
37
5
15
6
24
32
12
12
9
27
11
8
18
35
31
10
21
33
17
12
-1
-1
-1
-1
-1
-1
-1
-1
-1
-1
-1
-1
