36 172
0 19
0 5
0 4
0 16
0 29
1 5
1 30
1 19
1 2
1 18
1 11
1 14
1 19
1 33
2 8
2 18
2 3
2 5
2 13
2 1
2 23
2 10
2 20
2 10
2 29
2 30
2 29
3 2
3 21
3 32
3 7
3 25
3 27
3 28
3 14
3 29
3 5
4 0
4 8
4 28
4 30
5 0
5 8
5 17
5 1
5 2
5 14
5 26
5 13
5 25
5 25
5 35
5 8
5 3
6 15
6 8
6 22
6 25
6 10
6 21
6 12
6 26
6 33
6 32
6 29
6 18
7 3
7 13
7 22
7 21
8 2
8 5
8 6
8 4
8 24
8 27
8 25
8 30
8 14
8 5
8 11
8 16
9 29
9 35
9 26
9 25
9 26
9 21
9 28
9 24
9 11
9 28
9 18
10 6
10 22
10 2
10 29
10 2
10 23
11 23
11 1
11 26
11 15
11 9
11 24
11 12
11 13
11 8
12 27
12 25
12 6
12 30
12 24
12 29
12 11
12 25
12 25
13 23
13 25
13 20
13 2
13 7
13 5
13 29
13 33
13 28
13 11
14 24
14 24
14 5
14 23
14 32
14 8
14 1
14 16
14 28
14 35
14 3
15 6
15 31
15 25
15 11
15 27
15 35
15 25
15 22
16 26
16 0
16 35
16 16
16 16
16 14
16 27
16 27
16 21
16 8
17 5
17 31
18 2
18 28
18 1
18 26
18 20
18 24
18 35
18 34
18 6
18 9
19 0
19 24
19 35
19 1
19 34
19 25
19 1
19 34
20 13
20 27
20 32
20 25
20 18
20 34
20 2
20 32
21 3
21 9
21 6
21 22
21 7
21 23
21 28
21 16
21 28
22 23
22 34
22 6
22 10
22 7
22 30
22 21
22 15
23 13
23 22
23 11
23 25
23 14
23 2
23 21
23 26
23 10
23 29
24 14
24 14
24 8
24 19
24 9
24 26
24 18
24 11
24 12
24 27
25 13
25 34
25 6
25 9
25 3
25 8
25 23
25 20
25 12
25 15
25 19
25 5
25 5
25 32
25 15
25 12
25 12
25 34
25 34
26 16
26 9
26 9
26 5
26 35
26 6
26 11
26 18
26 24
26 31
26 35
26 23
27 30
27 29
27 12
27 20
27 8
27 3
27 28
27 31
27 35
27 15
27 16
27 16
27 24
28 18
28 9
28 28
28 28
28 27
28 13
28 3
28 9
28 14
28 21
28 4
28 21
28 34
29 27
29 9
29 0
29 31
29 31
29 35
29 13
29 30
29 10
29 6
29 12
29 2
29 3
29 2
29 23
30 27
30 1
30 8
30 22
30 29
30 12
30 4
30 2
31 31
31 31
31 29
31 29
31 15
31 26
31 27
31 17
32 3
32 20
32 33
32 6
32 14
32 25
32 20
33 32
33 13
33 6
33 35
33 35
33 1
34 22
34 25
34 19
34 20
34 18
34 19
34 25
34 25
34 28
35 16
35 9
35 19
35 29
35 26
35 33
35 33
35 18
35 26
35 27
35 5
35 15
35 14
6
18
27
30
0
4
3
18
14
12
21
13
34
17
6
2
25
22
29
33
8
11
1
28
32
26
18
-1
-1
-1
-1
-1
-1
-1
-1
-1
-1
-1
-1
-1
-1
-1
-1
-1
-1
