40 192
0 3
0 35
0 4
0 28
0 14
0 23
0 5
0 6
0 7
0 5
0 7
1 8
1 29
1 1
1 1
1 1
1 1
1 39
1 15
1 33
1 18
1 26
2 24
2 31
2 28
2 26
2 27
2 11
3 29
3 18
3 4
3 12
3 0
3 8
3 33
3 13
3 37
3 18
3 26
4 21
4 3
4 12
4 4
4 4
4 7
4 0
4 28
4 34
4 33
4 16
4 7
4 8
4 26
5 35
5 33
5 39
5 12
5 0
5 35
5 19
5 0
5 26
6 36
6 19
6 29
6 26
6 31
6 0
6 8
6 7
6 21
6 39
6 38
6 39
6 18
6 12
7 21
7 11
7 8
7 4
7 12
7 4
7 0
7 26
7 6
7 14
7 0
8 25
8 1
8 7
8 3
8 18
8 10
8 18
8 4
8 6
9 35
9 37
9 21
9 13
9 35
9 11
9 13
10 28
10 10
10 10
10 23
10 8
10 37
11 7
11 25
11 35
11 23
11 11
11 11
11 19
11 2
11 38
11 37
11 17
11 9
12 39
12 27
12 3
12 4
12 32
12 15
12 7
12 5
12 36
12 24
12 19
12 6
13 19
13 24
13 15
13 30
13 15
13 39
13 14
13 25
13 3
13 9
13 22
13 34
13 39
13 17
13 15
13 9
14 35
14 15
14 19
14 13
14 33
14 17
14 0
14 28
14 37
14 7
14 15
15 14
15 37
15 13
15 13
15 1
15 12
15 36
15 16
15 36
15 31
15 17
15 13
15 22
15 27
15 14
16 39
16 28
16 15
16 4
16 38
17 37
17 29
17 14
17 13
17 15
17 22
17 11
17 21
18 21
18 3
18 8
18 8
18 32
18 29
18 22
18 20
18 3
18 1
18 6
19 27
19 13
19 6
19 14
19 26
19 11
19 12
19 27
19 5
20 18
21 18
21 4
21 27
21 7
21 9
21 17
21 6
22 22
22 22
22 33
22 13
22 18
22 15
22 27
22 17
22 36
23 27
23 10
23 26
23 34
23 11
23 0
23 24
24 2
24 13
24 30
24 12
24 23
25 8
25 37
25 11
25 32
25 13
25 31
26 38
26 36
26 23
26 6
26 19
26 33
26 2
26 4
26 33
26 7
26 3
26 5
26 1
27 32
27 19
27 21
27 12
27 23
27 33
27 2
27 31
27 19
27 34
27 22
27 15
28 33
28 10
28 2
28 16
28 4
28 31
28 0
28 14
28 33
29 3
29 1
29 6
29 30
29 17
29 18
29 33
30 34
30 24
30 13
30 29
30 33
31 32
31 35
31 35
31 32
31 2
31 31
31 31
31 36
31 28
31 15
31 6
31 27
31 25
31 34
31 39
32 31
32 27
32 31
32 39
32 12
32 25
32 37
32 18
32 38
33 28
33 22
33 39
33 1
33 5
33 3
33 4
33 14
33 26
33 27
33 29
33 30
33 28
33 26
33 39
34 30
34 4
34 23
34 13
34 31
34 27
35 31
35 9
35 31
35 14
35 5
35 0
35 11
35 35
35 35
35 39
35 5
35 9
36 6
36 26
36 15
36 31
36 15
36 38
36 12
36 22
37 25
37 15
37 17
37 9
37 32
37 10
37 3
37 39
37 11
37 14
38 26
38 36
38 32
38 11
38 16
38 6
39 12
39 32
39 16
39 1
39 33
39 13
39 35
39 5
39 37
39 13
39 31
39 6
39 33
39 6
9
34
8
35
25
20
16
31
4
17
9
18
0
36
6
28
26
23
7
27
9
-1
-1
-1
-1
-1
-1
-1
-1
-1
