48 295
0 24
0 46
0 2
0 5
0 39
0 7
0 21
0 36
0 3
0 11
0 42
1 8
1 22
1 30
1 19
1 16
1 47
1 46
1 6
1 12
1 17
1 36
1 18
2 2
2 2
2 11
2 0
2 19
2 35
2 10
2 41
2 28
2 22
2 6
2 35
2 39
2 19
2 44
2 38
2 26
3 35
3 11
3 0
3 18
4 16
4 25
4 25
4 19
4 42
4 28
4 44
4 4
4 4
4 20
5 19
5 25
5 19
5 0
5 45
5 39
5 34
5 46
5 38
5 40
5 12
5 29
6 36
6 31
6 24
6 23
6 8
6 46
6 18
6 39
6 8
6 1
6 18
6 2
6 36
6 11
7 22
7 25
7 44
7 40
7 40
7 7
7 7
7 41
7 13
7 0
7 26
7 30
7 19
7 31
7 27
7 35
7 36
7 37
7 26
7 38
7 47
7 42
7 34
8 32
8 1
8 39
8 6
8 47
8 44
8 32
8 12
8 14
8 6
8 42
8 45
8 13
8 9
9 24
9 47
9 21
9 19
9 43
9 18
9 8
10 38
10 34
10 2
10 10
10 10
10 33
10 38
10 19
10 37
10 33
11 34
11 26
11 2
11 22
11 16
11 20
11 29
11 6
11 20
11 3
11 0
12 37
12 12
12 12
12 8
12 23
12 39
12 5
12 1
13 29
13 14
13 7
13 36
13 22
13 38
13 8
13 30
14 8
14 13
14 44
14 22
14 25
15 18
15 43
15 37
15 43
15 23
15 22
15 21
15 31
15 32
15 32
15 42
15 16
15 18
15 16
16 37
16 40
16 27
16 39
16 44
16 11
16 4
16 1
16 25
16 25
16 26
16 42
16 31
16 15
16 15
17 37
17 43
17 22
17 18
17 20
17 30
17 18
17 1
17 36
18 36
18 15
18 39
18 6
18 17
18 45
18 6
18 17
18 15
18 9
18 3
18 1
19 42
19 5
19 21
19 5
19 30
19 2
19 42
19 32
19 1
19 22
19 44
19 28
19 4
19 9
19 44
19 10
19 7
19 30
19 31
19 2
20 22
20 42
20 26
20 47
20 28
20 11
20 23
20 17
20 27
20 11
20 4
21 44
21 41
21 19
21 31
21 42
21 41
21 9
21 15
21 24
21 32
21 0
21 41
22 31
22 7
22 31
22 20
22 31
22 1
22 17
22 27
22 11
22 15
22 19
22 2
22 30
22 14
22 33
22 13
22 43
23 6
23 39
23 15
23 12
23 20
23 30
23 33
23 44
23 44
23 42
23 47
23 43
24 0
24 6
24 43
24 9
24 40
24 21
24 24
24 24
24 47
24 38
25 7
25 34
25 5
25 4
25 45
25 29
25 4
25 16
25 16
25 45
25 14
25 38
25 32
25 45
26 44
26 34
26 34
26 45
26 11
26 45
26 30
26 20
26 37
26 27
26 7
26 16
26 7
26 2
27 16
27 37
27 22
27 31
27 38
27 45
27 26
27 36
27 20
27 35
27 7
27 45
28 44
28 2
28 20
28 34
28 19
28 45
28 4
28 45
28 34
29 45
29 39
29 37
29 13
29 25
29 11
29 5
29 33
30 47
30 30
30 30
30 36
30 19
30 1
30 44
30 26
30 22
30 23
30 32
30 17
30 7
30 19
30 42
30 13
31 22
31 43
31 6
31 22
31 22
31 27
31 21
31 36
31 34
31 46
31 15
31 16
31 7
31 19
32 8
32 8
32 19
32 15
32 21
32 30
32 43
32 32
32 32
32 15
32 25
33 43
33 10
33 22
33 23
33 43
33 10
33 29
34 11
34 26
34 26
34 25
34 10
34 5
34 28
34 31
34 28
34 7
35 3
35 35
35 35
35 2
35 38
35 2
35 27
35 7
36 6
36 18
36 30
36 46
36 46
36 31
36 13
36 43
36 27
36 6
36 7
36 17
36 0
36 1
37 16
37 17
37 12
37 27
37 40
37 29
37 47
37 15
37 26
37 7
37 10
38 10
38 45
38 27
38 35
38 10
38 5
38 25
38 13
38 7
38 41
38 2
38 24
39 45
39 8
39 29
39 18
39 23
39 16
39 5
39 43
39 6
39 0
39 41
39 45
39 45
39 12
39 2
40 41
40 16
40 37
40 7
40 7
40 45
40 24
40 5
40 42
41 40
41 45
41 21
41 2
41 43
41 21
41 39
41 7
41 47
41 47
41 38
41 21
42 19
42 46
42 19
42 20
42 21
42 4
42 8
42 23
42 16
42 15
42 44
42 30
42 47
42 43
42 0
42 40
42 7
43 46
43 31
43 47
43 24
43 15
43 33
43 17
43 47
43 15
43 39
43 41
43 47
43 36
43 32
43 22
43 9
43 33
43 23
43 42
44 26
44 21
44 7
44 28
44 8
44 16
44 30
44 19
44 14
44 23
44 4
44 19
44 23
44 42
44 2
45 39
45 41
45 26
45 29
45 38
45 5
45 26
45 27
45 39
45 39
45 25
45 28
45 40
45 28
45 18
45 25
45 8
45 27
45 25
46 43
46 42
46 47
46 6
46 36
46 0
46 36
46 1
46 31
46 5
47 43
47 30
47 46
47 37
47 8
47 43
47 20
47 43
47 9
47 1
47 41
47 24
47 41
47 23
47 42
47 7
6
12
29
20
7
31
10
13
11
39
27
47
22
16
6
1
0
8
5
41
26
13
-1
-1
-1
-1
-1
-1
-1
-1
-1
-1
-1
-1
-1
