31 251
0 27
0 1
0 25
0 23
0 10
0 28
0 24
0 28
0 16
0 5
0 25
0 29
0 11
0 9
0 5
0 19
0 25
0 5
1 9
1 5
1 14
1 0
1 4
1 22
1 9
1 14
1 7
1 3
1 6
1 4
1 22
1 12
2 22
2 23
2 5
2 28
2 27
2 9
2 14
2 22
2 26
2 18
2 12
3 7
3 28
3 7
3 7
3 14
3 16
3 24
3 5
3 1
3 11
3 22
3 10
3 20
3 17
3 29
3 15
4 20
4 1
4 8
4 24
4 16
4 29
4 23
4 30
4 1
4 20
4 7
4 17
5 1
5 30
5 2
5 21
5 21
5 10
5 3
5 0
5 5
5 5
5 20
5 0
5 8
5 0
5 11
6 25
6 25
6 7
6 18
6 15
6 7
6 12
6 1
6 14
6 19
6 17
6 23
6 26
6 14
7 3
7 3
7 3
7 17
7 21
7 16
7 21
7 6
7 14
7 26
7 12
7 6
7 1
7 24
7 22
7 30
7 24
7 4
8 15
8 15
8 16
8 10
8 30
8 17
8 4
8 20
8 23
8 22
8 21
8 21
8 10
8 5
8 11
8 22
9 12
9 13
9 1
9 9
9 9
9 22
9 17
9 2
9 10
9 1
9 27
9 28
9 29
9 17
9 30
9 16
9 9
9 9
9 0
9 12
9 27
10 17
10 17
10 22
10 11
10 8
10 0
10 26
10 20
10 9
10 16
10 5
10 29
10 30
10 27
10 3
10 10
10 10
10 28
10 8
11 18
11 10
11 28
11 30
11 21
11 30
11 12
11 18
11 25
11 19
11 25
11 21
11 23
11 22
11 0
11 3
11 14
11 11
11 11
11 15
11 28
11 5
11 8
12 9
12 13
12 11
12 17
12 26
12 7
12 6
12 20
12 2
12 1
12 9
12 22
13 9
13 17
13 12
13 19
13 29
13 24
13 23
13 27
13 18
13 21
13 15
13 20
13 19
14 18
14 16
14 1
14 3
14 2
14 7
14 1
14 23
14 6
14 11
14 6
15 8
15 8
15 29
15 20
15 18
15 6
15 29
15 30
15 13
15 11
15 30
15 3
15 23
16 8
16 21
16 14
16 7
16 3
16 26
16 10
16 0
16 17
16 30
16 30
16 4
16 9
16 30
16 18
17 10
17 13
17 28
17 10
17 25
17 26
17 7
17 8
17 9
17 12
17 16
17 9
17 27
17 6
17 22
17 3
17 4
18 30
18 11
18 22
18 14
18 26
18 20
18 6
18 11
18 15
18 20
18 30
18 19
18 20
18 2
18 23
18 13
18 26
18 20
18 16
18 28
19 30
19 27
19 13
19 26
19 23
19 11
19 25
19 18
19 25
19 6
19 30
19 20
19 24
19 28
19 13
19 0
19 30
20 4
20 18
20 10
20 15
20 20
20 20
20 8
20 18
20 27
20 5
20 18
20 12
20 30
20 19
20 13
20 4
20 3
20 18
20 28
21 16
21 27
21 7
21 7
21 5
21 11
21 5
21 11
21 8
21 30
21 13
21 8
21 23
22 18
22 10
22 28
22 2
22 26
22 9
22 1
22 2
22 28
22 8
22 11
22 3
22 24
22 7
22 17
22 1
22 12
22 8
23 2
23 0
23 27
23 28
23 19
23 8
23 13
23 11
23 14
23 4
23 18
23 6
23 27
23 24
23 15
23 21
23 24
24 28
24 13
24 4
24 0
24 3
24 27
24 30
24 7
24 29
24 22
24 7
24 19
24 23
24 24
24 24
24 23
25 6
25 28
25 17
25 0
25 27
25 6
25 26
25 11
25 0
25 30
25 19
25 29
25 11
25 19
25 0
26 17
26 28
26 22
26 18
26 19
26 25
26 10
26 30
26 16
26 29
26 12
26 7
26 2
26 28
26 6
26 18
27 0
27 21
27 19
27 25
27 2
27 23
27 9
27 30
27 20
27 27
27 27
27 24
27 10
27 13
27 17
27 23
27 9
28 3
28 17
28 25
28 24
28 22
28 26
28 11
28 2
28 0
28 23
28 0
28 9
28 22
28 30
28 26
28 11
28 19
28 10
28 18
28 20
29 13
29 15
29 26
29 10
29 9
29 25
29 4
29 0
29 15
29 24
29 3
30 18
30 19
30 8
30 5
30 11
30 26
30 11
30 16
30 27
30 25
30 16
30 24
30 10
30 9
30 18
30 28
30 4
30 19
30 15
30 20
30 21
30 7
30 15
30 16
30 19
8
20
25
21
13
9
8
29
17
18
0
27
3
18
2
6
16
12
30
15
11
24
5
28
23
26
14
22
18
-1
-1
-1
-1
-1
-1
-1
-1
-1
-1
-1
-1
-1
-1
-1
-1
-1
-1
