49 223
0 40
0 33
0 42
0 20
0 4
0 46
0 39
0 38
0 28
0 4
1 34
1 4
1 1
1 1
1 19
1 3
1 23
1 5
1 43
1 10
2 15
2 39
2 28
2 36
2 4
2 37
2 29
2 30
2 24
2 41
2 43
3 22
3 1
3 44
3 42
3 5
3 30
3 18
3 3
3 3
4 1
4 2
4 26
4 44
4 0
4 19
4 31
4 7
4 26
4 44
4 34
4 0
5 29
5 10
5 15
5 28
5 13
5 1
5 3
5 44
5 34
6 46
6 38
6 32
6 11
6 46
6 41
6 15
6 44
6 35
6 17
6 7
6 44
6 44
7 24
7 32
7 4
7 33
7 32
7 43
7 6
7 36
7 32
8 29
8 17
8 14
8 30
9 10
9 14
9 18
9 39
9 39
9 26
10 9
10 37
10 5
10 23
10 1
10 20
10 38
11 42
11 18
11 39
11 6
11 48
11 28
11 45
11 22
12 25
12 26
12 19
12 35
13 46
13 26
13 16
13 36
13 44
13 45
13 46
13 29
13 39
13 44
13 5
13 20
14 9
14 8
14 22
14 41
14 27
14 17
15 2
15 47
15 5
15 24
15 33
15 28
15 6
15 35
16 38
16 13
16 34
16 45
17 27
17 40
17 8
17 46
17 39
17 35
17 43
17 21
17 6
17 35
17 14
18 11
18 23
18 47
18 9
18 45
18 33
18 3
18 35
18 37
19 27
19 1
19 43
19 4
19 45
19 35
19 43
19 48
19 41
19 42
19 40
19 20
19 47
19 12
19 47
20 0
20 40
20 34
20 13
20 23
20 10
20 19
20 30
20 41
21 36
21 48
21 21
21 21
21 34
21 38
21 17
21 33
22 3
22 22
22 22
22 35
22 45
22 14
22 42
22 41
22 23
22 11
23 28
23 30
23 18
23 26
23 10
23 1
23 34
23 44
23 20
23 22
23 28
24 7
24 15
24 2
24 45
24 30
24 34
25 12
25 26
26 13
26 4
26 29
26 23
26 4
26 12
26 25
26 9
27 19
27 17
27 32
27 14
28 2
28 23
28 48
28 15
28 5
28 0
28 33
28 11
28 23
28 46
29 8
29 5
29 34
29 29
29 29
29 13
29 26
29 37
29 2
29 42
29 46
29 40
29 37
30 42
30 39
30 36
30 23
30 34
30 2
30 3
30 20
30 24
30 39
30 8
31 40
31 37
31 4
31 40
31 44
31 41
32 41
32 44
32 6
32 27
32 41
32 7
32 44
32 43
32 7
32 7
33 0
33 15
33 18
33 43
33 28
33 7
33 21
34 1
34 45
34 29
34 30
34 16
34 20
34 21
34 23
34 4
34 46
34 24
34 5
35 44
35 39
35 22
35 19
35 17
35 42
35 6
35 17
35 15
35 18
35 35
35 35
35 12
36 37
36 2
36 30
36 13
36 21
36 45
36 7
37 36
37 10
37 46
37 42
37 31
37 2
37 29
37 46
37 39
37 18
37 29
38 46
38 16
38 42
38 6
38 0
38 21
38 47
38 10
39 2
39 30
39 35
39 11
39 0
39 17
39 13
39 9
39 9
39 37
39 30
40 0
40 31
40 17
40 20
40 19
40 31
40 29
41 32
41 32
41 6
41 22
41 19
41 2
41 44
41 14
41 20
41 31
42 30
42 48
42 0
42 11
42 38
42 37
42 48
42 35
42 3
42 22
42 29
42 19
43 19
43 43
43 43
43 17
43 19
43 33
43 32
43 1
43 7
43 2
44 35
44 32
44 4
44 13
44 3
44 32
44 13
44 6
44 5
44 4
44 23
44 41
44 31
44 6
44 6
45 34
45 46
45 13
45 22
45 19
45 18
45 36
45 45
45 45
45 24
45 11
45 16
46 38
46 13
46 37
46 6
46 45
46 0
46 17
46 13
46 6
46 37
46 29
46 34
46 28
47 15
47 18
47 38
47 19
47 19
48 42
48 28
48 11
48 42
48 21
48 19
48 48
48 48
7
34
25
32
4
7
8
44
5
14
36
3
29
15
5
-1
-1
-1
-1
-1
