45 110
0 13
0 31
0 40
0 10
0 26
0 15
0 25
0 8
1 37
1 28
1 7
2 10
2 41
2 6
2 23
2 42
2 17
2 31
2 30
2 17
3 11
3 12
3 8
3 20
3 21
3 18
3 19
4 28
4 41
4 29
4 42
5 18
5 32
5 15
6 2
6 17
6 14
6 19
6 32
7 1
7 44
7 38
8 36
8 30
8 3
8 34
8 23
8 0
9 31
10 2
10 21
10 15
10 33
10 25
10 29
10 0
10 43
11 11
11 11
11 11
11 11
11 3
11 32
12 21
12 3
13 0
13 27
13 20
13 27
13 42
13 21
14 42
14 17
14 27
14 6
15 21
15 10
15 0
15 20
15 5
16 22
16 26
17 33
17 25
17 40
17 36
17 14
17 2
17 6
17 32
17 41
17 2
17 33
18 38
18 5
18 37
18 3
18 43
19 23
19 41
19 6
19 3
20 22
20 23
20 13
20 27
20 23
20 3
20 15
21 15
21 10
21 12
21 28
21 44
21 40
21 3
21 13
22 16
22 20
22 25
22 22
22 22
23 44
23 19
23 20
23 2
23 37
23 31
23 8
23 20
23 34
24 44
24 37
25 17
25 22
25 10
25 32
25 0
26 16
26 0
26 43
27 13
27 42
27 36
27 20
27 14
27 13
28 4
28 1
28 21
29 4
29 10
30 41
30 8
30 2
31 0
31 43
31 9
31 2
31 23
32 37
32 40
32 44
32 17
32 25
32 6
32 5
32 11
33 17
33 10
33 36
33 17
34 8
34 23
35 42
36 8
36 44
36 17
36 27
36 33
37 32
37 1
37 23
37 44
37 18
37 24
38 7
38 18
40 32
40 17
40 42
40 0
40 41
40 40
40 40
40 21
41 30
41 4
41 2
41 17
41 40
41 19
42 35
42 14
42 2
42 40
42 27
42 4
42 13
43 31
43 26
43 10
43 18
44 23
44 36
44 7
44 32
44 21
44 37
44 24
6
44
30
11
0
10
32
15
4
24
6
20
22
28
41
31
13
12
35
7
26
9
2
15
-1
-1
-1
-1
-1
-1
-1
-1
-1
-1
-1
-1
-1
-1
-1
