45 200
0 33
0 30
0 15
0 32
0 6
0 44
0 39
0 40
0 40
0 42
0 14
1 23
1 4
1 5
1 33
1 32
1 19
1 29
2 28
2 39
2 36
2 38
2 10
2 27
2 24
3 16
3 30
3 38
3 26
3 17
3 22
3 10
3 34
4 42
4 10
4 1
4 4
4 4
4 34
4 33
4 17
4 29
4 35
4 32
5 12
5 17
5 7
5 6
5 1
5 23
5 26
5 44
5 23
5 13
5 22
5 8
5 20
6 14
6 5
6 19
6 35
6 0
6 12
6 30
6 35
6 37
6 11
7 5
7 21
7 24
7 12
7 34
7 20
7 24
7 17
7 32
7 8
8 39
8 25
8 27
8 22
8 21
8 30
8 5
8 14
8 20
8 7
9 23
9 12
9 36
9 30
9 29
9 28
9 15
9 11
10 19
10 34
10 4
10 43
10 30
10 13
10 26
10 25
10 26
10 2
10 3
10 24
10 37
11 31
11 14
11 17
11 12
11 18
11 27
11 9
11 6
12 9
12 5
12 41
12 7
12 11
12 6
12 33
12 21
12 28
12 25
13 25
13 26
13 10
13 27
13 5
14 6
14 11
14 31
14 20
14 39
14 16
14 16
14 42
14 15
14 16
14 8
14 35
14 0
14 18
15 0
15 32
15 14
15 22
15 15
15 15
15 41
15 9
16 29
16 27
16 25
16 22
16 37
16 17
16 3
16 14
16 14
16 28
16 14
16 19
16 21
16 24
16 16
16 16
16 32
17 39
17 5
17 11
17 41
17 16
17 34
17 7
17 3
17 4
18 37
18 34
18 31
18 39
18 11
18 28
18 14
18 18
18 18
19 10
19 43
19 6
19 35
19 37
19 22
19 1
19 16
20 7
20 14
20 42
20 20
20 20
20 8
20 25
20 5
21 27
21 7
21 8
21 12
21 34
21 16
21 24
22 16
22 8
22 19
22 5
22 3
22 15
23 9
23 26
23 1
23 5
23 5
23 32
23 43
23 28
23 37
23 31
23 25
24 26
24 33
24 7
24 7
24 16
24 2
24 10
24 21
25 13
25 16
25 38
25 8
25 37
25 12
25 10
25 29
25 20
25 23
26 24
26 13
26 23
26 5
26 3
26 10
26 39
26 33
26 10
26 41
26 44
26 35
27 21
27 16
27 8
27 27
27 27
27 13
27 11
27 2
28 2
28 30
28 43
28 35
28 16
28 12
28 9
28 23
28 38
28 18
29 16
29 9
29 35
29 43
29 4
29 25
29 34
29 1
30 0
30 9
30 10
30 28
30 6
30 3
30 8
30 40
31 11
31 38
31 14
31 42
31 18
31 23
31 38
32 36
32 15
32 0
32 23
32 1
32 7
32 38
32 4
32 16
33 44
33 0
33 24
33 1
33 12
33 4
33 26
34 38
34 10
34 7
34 17
34 18
34 4
34 34
34 34
34 21
34 29
34 3
35 42
35 19
35 38
35 6
35 29
35 28
35 6
35 4
35 14
35 41
35 26
36 32
36 9
36 42
36 39
36 40
36 2
37 18
37 19
37 16
37 44
37 25
37 23
37 6
37 10
38 31
38 34
38 39
38 35
38 25
38 3
38 2
38 32
38 31
38 28
39 17
39 41
39 8
39 2
39 38
39 14
39 36
39 0
39 18
39 26
40 36
40 0
40 0
40 30
41 39
41 12
41 17
41 15
41 26
41 35
42 4
42 35
42 36
42 20
42 14
42 31
42 0
43 19
43 10
43 28
43 29
43 23
43 43
43 43
44 33
44 0
44 37
44 5
44 26
6
9
1
23
37
19
10
12
28
38
0
17
13
35
12
24
36
4
39
20
12
-1
-1
-1
-1
-1
-1
-1
-1
-1
-1
-1
-1
