33 255
0 7
0 17
0 22
0 18
0 11
0 13
0 19
0 3
0 31
0 4
0 7
0 19
0 26
0 2
0 23
0 31
1 21
1 7
1 20
1 7
1 12
1 17
1 25
1 27
1 22
1 23
1 5
1 20
1 10
1 23
1 29
1 24
2 6
2 5
2 24
2 31
2 5
2 9
2 11
2 3
2 24
2 20
2 31
2 4
2 16
2 14
2 2
2 2
2 0
2 14
2 5
3 13
3 25
3 29
3 28
3 18
3 20
3 22
3 29
3 2
3 7
3 0
3 8
3 25
3 6
3 14
3 20
3 30
3 6
3 23
3 17
3 26
4 22
4 13
4 27
4 16
4 24
4 23
4 27
4 30
4 32
4 4
4 4
4 32
4 25
4 0
4 2
4 8
4 11
4 19
4 24
4 23
4 12
4 10
4 8
5 12
5 32
5 6
5 2
5 31
5 25
5 2
5 31
5 13
5 1
5 6
5 28
5 2
5 31
6 23
6 2
6 5
6 22
6 29
6 17
6 7
6 11
6 23
6 5
6 3
6 24
6 3
7 13
7 0
7 21
7 15
7 31
7 19
7 1
7 30
7 32
7 1
7 17
7 22
7 19
7 6
7 19
7 7
7 7
7 3
7 32
7 0
7 29
7 14
7 22
7 16
7 12
7 12
8 22
8 20
8 32
8 26
8 21
8 14
8 11
8 3
8 17
8 4
8 28
8 30
8 29
8 22
8 4
9 23
9 17
9 16
9 32
9 29
9 28
9 2
9 14
9 28
9 24
9 16
10 19
10 17
10 11
10 24
10 19
10 20
10 13
10 28
10 32
10 26
10 15
10 32
10 27
10 25
10 1
10 27
10 18
10 31
10 4
11 10
11 0
11 28
11 27
11 17
11 6
11 16
11 2
11 8
11 30
11 4
11 12
11 21
12 5
12 32
12 24
12 28
12 1
12 23
12 13
12 22
12 31
12 14
12 17
12 18
12 11
12 20
12 4
12 7
12 7
12 28
13 7
13 4
13 3
13 15
13 31
13 12
13 10
13 0
13 17
13 5
13 20
13 30
14 24
14 27
14 23
14 32
14 30
14 31
14 8
14 9
14 12
14 14
14 14
14 18
14 3
14 7
14 2
14 19
14 2
15 13
15 7
15 19
15 17
15 32
15 15
15 15
15 26
15 10
15 24
15 16
16 4
16 9
16 11
16 20
16 2
16 15
16 7
16 9
17 10
17 0
17 15
17 9
17 29
17 7
17 1
17 6
17 11
17 13
17 12
17 8
17 28
17 20
17 23
17 3
18 0
18 28
18 32
18 3
18 29
18 28
18 12
18 14
18 23
18 10
19 10
19 15
19 7
19 10
19 7
19 28
19 7
19 0
19 28
19 0
19 4
19 14
19 19
19 19
20 1
20 8
20 10
20 3
20 2
20 16
20 1
20 20
20 20
20 3
20 24
20 17
20 12
20 24
20 13
21 7
21 28
21 1
21 22
21 32
21 8
21 26
21 21
21 21
21 27
21 30
21 22
21 11
22 4
22 0
22 8
22 6
22 28
22 7
22 21
22 23
22 12
22 31
22 3
22 25
22 1
22 27
22 7
22 30
22 8
22 21
23 25
23 9
23 6
23 4
23 14
23 12
23 31
23 32
23 28
23 22
23 1
23 6
23 28
23 18
23 28
23 27
23 4
23 1
23 27
23 17
23 0
23 3
24 28
24 14
24 12
24 4
24 10
24 2
24 27
24 2
24 15
24 20
24 31
24 4
24 9
24 20
24 6
24 1
25 23
25 3
25 1
25 5
25 22
25 4
25 26
25 3
25 10
26 8
26 21
26 10
26 15
26 25
26 0
26 3
27 4
27 14
27 28
27 4
27 11
27 24
27 1
27 22
27 10
27 21
27 23
27 23
27 10
28 24
28 21
28 30
28 18
28 3
28 12
28 27
28 11
28 22
28 23
28 18
28 9
28 19
28 10
28 19
28 23
28 29
28 5
28 31
28 9
28 17
28 23
28 8
28 12
29 3
29 17
29 6
29 18
29 9
29 3
29 28
29 7
29 8
29 1
30 28
30 7
30 31
30 4
30 14
30 31
30 11
30 32
30 3
30 8
30 22
30 21
30 13
31 7
31 32
31 30
31 23
31 5
31 2
31 13
31 22
31 5
31 12
31 30
31 14
31 2
31 0
31 28
31 24
31 0
31 10
31 5
32 5
32 31
32 18
32 12
32 7
32 14
32 9
32 32
32 32
32 8
32 23
32 15
32 4
32 21
32 10
32 4
32 10
32 7
32 30
5
4
31
15
14
25
1
5
1
-1
