38 217
0 21
0 23
0 19
0 10
0 14
0 26
0 25
0 23
0 25
0 12
0 6
0 9
0 6
0 11
0 36
0 17
0 29
0 21
0 35
0 34
1 14
1 33
1 1
1 1
1 32
1 6
1 30
1 5
1 23
1 18
1 12
1 8
2 25
2 27
2 29
2 21
2 24
2 20
2 7
2 20
2 28
2 3
2 12
3 13
3 34
3 25
3 16
3 6
3 24
3 2
3 15
3 17
3 23
3 11
4 33
4 26
4 13
4 4
4 4
4 22
4 25
5 36
5 33
5 22
5 23
5 1
5 7
5 30
5 27
5 23
5 16
6 24
6 28
6 15
6 1
6 37
6 36
6 22
6 0
6 34
6 36
6 0
6 24
6 34
6 3
6 7
6 7
6 27
7 31
7 31
7 9
7 32
7 11
7 7
7 7
7 16
7 31
7 2
7 6
7 5
7 22
7 6
7 36
7 16
7 22
8 12
8 21
8 24
8 19
8 25
8 36
8 1
8 27
9 18
9 13
9 15
9 7
9 34
9 0
9 36
9 10
9 15
9 19
9 14
10 0
10 25
10 33
10 15
10 35
10 26
10 30
10 9
11 19
11 24
11 7
11 14
11 0
11 21
11 3
12 34
12 20
12 34
12 0
12 28
12 8
12 1
12 2
12 16
13 34
13 9
13 3
13 34
13 4
13 17
13 18
14 1
14 0
14 14
14 14
14 36
14 30
14 26
14 11
14 19
14 29
14 34
14 24
14 9
15 27
15 32
15 9
15 6
15 10
15 27
15 26
15 17
15 36
15 18
15 3
15 32
15 9
16 23
16 31
16 35
16 18
16 7
16 20
16 3
16 25
16 32
16 29
16 32
16 34
16 23
16 7
16 5
16 12
17 21
17 27
17 20
17 17
17 17
17 13
17 29
17 27
17 15
17 0
17 3
17 29
18 9
18 16
18 19
18 13
18 30
18 15
18 1
18 36
19 0
19 11
19 21
19 18
19 14
19 8
19 9
19 22
19 27
20 35
20 12
20 2
20 16
20 36
20 17
20 2
20 36
20 27
20 26
20 28
20 37
20 29
20 30
21 0
21 27
21 19
21 17
21 2
21 29
21 33
21 8
21 11
21 0
22 37
22 36
22 25
22 5
22 6
22 37
22 25
22 4
22 7
22 19
22 29
22 26
22 7
23 0
23 16
23 32
23 29
23 0
23 5
23 27
23 35
23 1
23 27
23 16
23 3
23 5
24 6
24 11
24 2
24 32
24 6
24 8
24 3
24 30
24 28
24 14
25 2
25 31
25 10
25 22
25 3
25 29
25 0
25 0
25 16
25 22
25 4
25 8
25 25
25 25
26 0
26 4
26 30
26 14
26 15
26 20
26 10
26 36
26 33
26 22
27 15
27 2
27 21
27 17
27 15
27 23
27 20
27 17
27 5
27 23
27 30
27 35
27 8
27 19
27 6
28 6
28 32
28 12
28 32
28 31
28 2
28 20
28 30
28 24
29 23
29 2
29 25
29 17
29 21
29 35
29 16
29 20
29 0
29 14
29 17
29 22
30 32
30 31
30 26
30 30
30 30
30 14
30 30
30 30
30 34
30 1
30 5
30 28
30 24
30 18
30 10
30 27
30 20
30 35
31 25
31 7
31 16
31 7
31 30
31 7
31 28
32 28
32 23
32 30
32 15
32 7
32 1
32 24
32 28
32 16
32 16
32 15
32 35
33 1
33 4
33 10
33 5
33 21
33 36
33 26
34 12
34 13
34 3
34 13
34 12
34 9
34 6
34 30
34 6
34 36
34 16
34 14
34 0
35 20
35 16
35 10
35 37
35 23
35 29
35 32
35 0
35 27
35 30
36 22
36 5
36 14
36 20
36 6
36 20
36 6
36 0
36 34
36 26
36 33
36 15
36 8
36 18
36 9
36 7
37 22
37 6
37 35
37 22
37 20
9
20
32
15
4
26
16
22
23
12
12
5
27
29
30
21
18
19
25
14
8
31
28
12
-1
-1
-1
-1
-1
-1
-1
-1
-1
-1
-1
-1
