36 116
0 1
0 35
0 26
0 10
1 31
1 0
1 4
1 10
2 35
2 16
2 7
2 3
2 33
2 27
2 28
3 23
3 2
3 12
3 28
3 20
3 18
4 30
4 1
4 24
4 26
5 13
5 21
5 15
5 23
5 19
5 29
5 33
5 12
6 25
6 26
6 18
6 11
6 30
6 7
6 17
7 7
7 7
7 14
7 18
7 15
7 29
7 2
7 25
7 35
7 6
7 25
7 10
8 9
8 11
8 34
8 21
9 8
9 21
9 10
9 28
9 16
9 22
10 18
10 17
10 31
10 9
10 13
10 18
10 34
10 7
10 1
10 0
11 23
11 6
11 8
12 30
12 30
12 34
12 3
12 15
12 5
12 16
12 14
12 13
12 24
13 5
13 18
13 29
13 28
13 35
13 28
13 10
13 35
13 12
14 29
14 29
14 7
14 20
14 32
14 25
14 12
14 21
15 7
15 5
15 12
15 25
15 20
16 25
16 23
16 33
16 24
16 2
16 34
16 21
16 25
16 9
16 12
17 10
17 6
17 35
17 24
18 7
18 13
18 10
18 6
18 10
18 3
18 31
19 5
20 32
20 14
20 27
20 3
20 15
21 9
21 5
21 16
21 33
21 14
21 24
21 8
22 24
22 9
23 25
23 3
23 16
23 11
23 31
23 5
23 32
23 35
23 24
24 26
24 4
24 16
24 22
24 23
24 21
24 17
24 33
24 12
25 16
25 23
25 6
25 7
25 16
25 15
25 14
25 26
25 7
26 24
26 34
26 6
26 26
26 26
26 25
26 0
26 4
27 30
27 20
27 28
27 35
27 2
28 27
28 13
28 13
28 9
28 3
28 34
28 2
29 14
29 14
29 7
29 13
29 31
29 5
30 4
30 27
30 12
30 31
30 12
30 6
31 1
31 30
31 29
31 23
31 10
31 18
32 20
32 14
32 23
33 16
33 2
33 5
33 21
33 24
34 26
34 12
34 16
34 35
34 8
34 28
34 10
35 2
35 0
35 7
35 34
35 27
35 13
35 17
35 13
35 23
6
19
20
17
22
14
32
17
10
12
29
11
9
3
18
24
31
34
4
1
13
2
5
8
27
17
-1
-1
-1
-1
-1
-1
-1
-1
-1
-1
-1
-1
-1
-1
-1
-1
-1
