37 294
0 28
0 25
0 8
0 16
0 15
0 5
0 10
0 27
0 20
0 9
0 24
0 27
0 12
1 25
1 9
1 30
1 18
1 28
1 17
1 25
1 22
1 13
1 20
1 31
1 36
1 32
1 10
1 19
1 20
2 4
2 25
2 15
2 10
2 9
2 28
2 33
2 26
2 36
2 35
2 32
2 23
2 3
2 23
3 35
3 24
3 9
3 28
3 6
3 23
3 24
3 7
3 33
3 2
3 35
3 11
3 13
4 2
4 31
4 18
4 17
4 20
4 13
5 11
5 14
5 10
5 8
5 32
5 0
5 22
5 35
5 17
5 24
5 24
5 29
5 6
6 18
6 13
6 13
6 30
6 3
6 33
6 21
6 31
6 29
6 31
6 11
6 5
7 31
7 19
7 35
7 28
7 3
7 34
7 19
7 23
7 21
7 34
7 23
8 32
8 28
8 0
8 36
8 34
8 19
8 5
8 17
8 11
8 10
8 30
8 20
8 28
8 14
8 15
8 9
8 16
8 9
9 29
9 1
9 24
9 22
9 14
9 3
9 31
9 35
9 21
9 2
9 18
9 32
9 23
9 8
9 15
9 18
9 0
9 15
9 22
9 8
9 30
10 26
10 5
10 12
10 30
10 13
10 22
10 2
10 8
10 15
10 0
10 10
10 10
10 1
10 25
10 25
10 13
11 19
11 5
11 12
11 36
11 25
11 23
11 33
11 8
11 25
11 26
11 25
11 29
11 26
11 12
11 6
11 3
11 30
12 35
12 11
12 10
12 21
12 16
12 26
12 25
12 31
12 22
12 14
12 17
12 11
12 36
12 0
13 31
13 31
13 33
13 33
13 10
13 24
13 24
13 23
13 6
13 6
13 25
13 1
13 16
13 19
13 19
13 17
13 13
13 13
13 21
13 29
13 14
13 33
13 3
13 10
13 24
13 4
14 14
14 14
14 5
14 9
14 30
14 29
14 32
14 20
14 33
14 8
14 16
14 12
14 24
14 13
14 27
14 20
15 28
15 0
15 32
15 2
15 24
15 27
15 10
15 33
15 8
15 18
15 9
15 9
15 22
16 0
16 24
16 34
16 36
16 30
16 12
16 13
16 19
16 34
16 19
16 22
16 31
16 14
16 16
16 16
16 8
16 33
17 33
17 22
17 29
17 8
17 33
17 1
17 22
17 24
17 23
17 34
17 13
17 5
17 25
17 31
17 12
17 4
17 32
17 31
18 31
18 6
18 1
18 23
18 35
18 4
18 19
18 9
18 23
18 26
18 15
18 21
18 9
19 11
19 30
19 25
19 8
19 7
19 25
19 13
19 16
19 16
19 18
19 13
19 26
19 32
19 29
19 7
19 27
19 1
20 31
20 31
20 8
20 22
20 23
20 14
20 1
20 29
20 23
20 0
20 27
20 35
20 1
20 4
20 14
21 12
21 9
21 6
21 22
21 13
21 7
21 18
21 27
21 23
22 35
22 17
22 9
22 35
22 10
22 29
22 32
22 34
22 20
22 17
22 5
22 1
22 16
22 30
22 21
22 30
22 12
22 15
22 9
23 25
23 11
23 29
23 33
23 13
23 18
23 33
23 20
23 3
23 17
23 20
23 24
23 31
23 9
23 28
23 18
23 7
23 31
23 2
23 27
23 7
23 2
23 23
23 23
23 21
24 34
24 9
24 16
24 3
24 13
24 13
24 15
24 35
24 17
24 3
24 31
24 32
24 23
24 5
24 5
24 25
24 0
24 14
24 13
25 23
25 0
25 1
25 19
25 11
25 34
25 2
25 28
25 13
25 11
25 19
25 1
25 29
25 27
25 11
25 17
25 12
25 24
25 10
25 10
26 10
26 32
26 34
26 30
26 11
26 12
26 19
26 2
26 18
26 11
26 35
27 32
27 15
27 25
27 0
27 19
27 0
27 20
27 23
27 21
27 14
28 0
28 8
28 28
28 28
28 15
28 32
28 1
28 3
28 25
28 33
28 7
28 8
28 2
28 30
28 23
28 31
29 36
29 9
29 17
29 23
29 22
29 30
29 14
29 25
29 20
29 31
29 19
29 13
29 6
29 5
29 11
30 1
30 19
30 10
30 30
30 30
30 29
30 35
30 8
30 14
30 16
30 26
30 6
30 22
30 22
30 28
30 9
30 11
31 20
31 7
31 18
31 13
31 13
31 4
31 20
31 9
31 32
31 24
31 1
31 33
31 33
31 29
31 16
31 23
31 12
31 28
31 35
31 6
31 17
31 6
31 23
31 36
31 17
32 8
32 35
32 28
32 26
32 15
32 5
32 27
32 22
32 14
32 31
32 32
32 32
32 24
32 19
32 9
32 1
32 34
32 34
32 2
32 17
33 17
33 13
33 13
33 11
33 17
33 23
33 28
33 23
33 6
33 15
33 14
33 31
33 31
33 3
33 2
33 16
33 35
33 13
34 24
34 25
34 8
34 16
34 35
34 26
34 22
34 36
34 16
34 17
34 7
34 32
34 32
34 35
34 7
35 32
35 22
35 12
35 3
35 36
35 22
35 34
35 30
35 7
35 18
35 24
35 9
35 5
35 31
35 2
35 20
35 34
35 33
35 3
35 26
36 29
36 8
36 11
36 35
36 16
36 34
36 1
36 2
36 31
36 12
7
17
9
11
6
15
2
33
16
12
19
21
36
24
32
7
35
22
34
25
13
30
5
27
20
16
-1
-1
-1
-1
-1
-1
-1
-1
-1
-1
-1
-1
-1
-1
-1
-1
