34 162
0 16
0 3
0 11
0 13
0 6
0 17
0 13
0 8
0 22
1 10
1 30
1 29
1 21
1 26
1 31
1 10
1 24
1 6
1 5
1 28
2 18
2 32
2 22
2 4
2 3
2 27
2 18
2 8
3 17
3 14
3 13
3 7
3 5
3 33
3 25
3 0
3 2
3 11
3 28
4 8
4 11
4 6
4 28
4 10
4 8
4 2
4 28
5 19
5 19
5 6
5 3
5 28
5 22
5 1
6 30
6 15
6 5
6 6
6 6
6 29
6 4
6 8
6 31
6 0
6 1
6 10
6 25
6 10
7 3
7 10
7 16
7 27
7 21
7 26
7 29
7 25
7 17
8 4
8 25
8 6
8 4
8 21
8 0
8 22
8 27
8 2
9 16
9 13
9 26
9 20
10 1
10 30
10 26
10 7
10 1
10 31
10 4
10 16
10 6
10 6
10 16
11 21
11 23
11 19
11 4
11 20
11 25
11 0
11 12
11 15
11 30
11 3
11 22
11 14
12 27
12 11
12 28
12 17
13 15
13 15
13 3
13 33
13 26
13 29
13 9
13 14
13 0
13 24
13 18
13 27
13 0
13 20
14 28
14 29
14 27
14 3
14 21
14 13
14 14
14 14
14 33
14 11
14 29
15 16
15 6
15 13
15 13
15 20
15 21
15 22
15 29
15 23
15 29
15 11
15 19
16 15
16 18
16 25
16 9
16 30
16 17
16 20
16 0
16 25
16 7
16 10
16 26
16 28
16 10
17 3
17 19
17 16
17 30
17 0
17 12
17 7
18 29
18 28
18 24
18 16
18 2
18 31
18 29
18 13
18 28
18 2
19 5
19 5
19 11
19 17
19 23
19 30
19 15
19 20
19 33
19 22
19 32
19 22
20 11
20 15
20 16
20 33
20 13
20 9
20 19
20 32
21 11
21 25
21 15
21 1
21 14
21 26
21 7
21 8
21 22
22 26
22 25
22 25
22 24
22 15
22 2
22 5
22 21
22 11
22 0
22 19
22 8
22 19
23 30
23 11
23 15
23 19
24 18
24 26
24 31
24 22
24 13
24 1
24 25
25 27
25 16
25 22
25 21
25 11
25 3
25 22
25 16
25 8
25 26
25 24
25 6
25 26
25 7
26 24
26 22
26 10
26 1
26 28
26 13
26 9
26 21
26 25
26 7
26 25
26 16
27 25
27 14
27 12
27 28
27 7
27 13
27 2
27 29
27 8
28 18
28 14
28 29
28 5
28 26
28 4
28 27
28 12
28 18
28 3
28 1
28 16
28 4
29 18
29 14
29 28
29 32
29 1
29 6
29 15
29 13
29 18
29 15
29 7
29 27
29 14
30 6
30 23
30 1
30 10
30 16
30 33
30 17
30 19
30 11
31 24
31 1
31 6
31 18
31 10
32 2
32 29
32 19
32 20
33 13
33 3
33 30
33 14
33 20
33 19
8
8
25
33
30
10
27
9
32
5
12
23
5
13
6
5
-1
-1
-1
-1
-1
