300 642
0 109
0 77
0 43
0 239
0 234
1 285
1 274
1 100
1 64
1 29
2 278
2 261
2 54
2 127
2 146
2 269
2 22
2 237
2 115
3 225
3 275
3 150
3 166
4 261
4 291
4 31
5 230
5 179
5 143
5 125
5 203
5 109
5 221
6 194
6 248
7 245
7 39
8 68
8 84
8 205
8 270
9 285
9 240
9 25
10 55
10 95
10 49
10 57
10 78
11 188
11 298
11 246
11 36
12 30
12 126
12 73
12 34
12 221
12 176
13 112
14 284
14 225
14 253
14 207
14 283
15 57
16 215
16 131
16 158
16 134
17 60
17 136
17 232
18 93
18 51
18 270
18 291
19 68
19 298
19 71
19 255
19 92
19 249
19 256
20 100
21 93
22 257
22 64
22 40
22 186
22 183
22 2
23 49
23 262
23 188
23 197
24 107
24 59
24 250
24 52
25 82
25 208
25 60
25 188
25 69
25 9
26 281
26 63
26 260
26 100
26 35
26 197
26 61
26 58
27 110
27 290
27 259
27 83
27 238
28 70
28 266
29 251
29 269
29 55
29 268
29 178
29 115
29 192
29 1
29 70
29 262
29 291
30 52
30 12
30 105
31 216
31 37
31 278
31 258
31 4
31 281
31 72
31 163
32 77
32 76
33 280
33 117
33 197
33 233
33 274
33 254
33 178
34 39
34 233
34 12
34 187
35 26
35 209
36 106
36 210
36 109
36 11
37 188
37 121
37 37
37 37
37 31
38 40
38 182
39 272
39 258
39 34
39 7
39 125
39 101
39 207
40 234
40 22
40 38
40 144
41 63
41 97
41 264
41 77
41 54
41 201
42 53
42 253
43 160
43 133
43 0
43 214
43 277
44 49
44 73
44 167
44 185
44 271
44 146
45 128
45 218
45 89
45 178
45 180
46 80
46 83
46 177
46 282
47 86
47 169
47 115
47 201
48 65
48 152
49 44
49 146
49 23
49 227
49 10
49 232
51 18
51 207
52 273
52 30
52 24
53 54
53 42
53 62
54 293
54 234
54 2
54 274
54 53
54 108
54 123
54 41
55 10
55 29
55 58
55 83
56 192
56 79
57 213
57 295
57 91
57 10
57 85
57 15
57 142
58 286
58 250
58 55
58 66
58 26
59 24
59 172
59 110
59 163
60 192
60 25
60 17
61 168
61 273
61 223
61 145
61 26
61 139
62 282
62 63
62 122
62 53
62 112
62 228
63 26
63 145
63 231
63 41
63 62
63 193
63 139
63 77
64 280
64 22
64 1
64 99
65 297
65 48
66 130
66 137
66 184
66 295
66 287
66 234
66 58
67 115
67 71
67 297
67 273
67 107
67 181
67 122
67 217
67 245
68 8
68 19
68 288
68 185
68 103
68 225
69 106
69 238
69 126
69 25
69 168
69 270
70 28
70 266
70 29
71 19
71 67
72 261
72 31
72 136
73 164
73 84
73 142
73 44
73 12
73 257
73 193
73 232
73 197
74 140
74 281
75 190
75 151
75 294
75 269
76 289
76 166
76 281
76 32
76 274
77 89
77 0
77 32
77 41
77 196
77 215
77 181
77 63
78 153
78 187
78 116
78 10
79 187
79 56
79 292
79 218
80 46
80 293
80 96
80 134
80 160
80 269
81 109
81 101
81 94
81 135
81 182
81 195
82 25
82 248
82 194
82 97
82 219
82 196
82 251
83 27
83 46
83 288
83 201
83 55
83 229
83 178
84 132
84 8
84 73
84 276
85 261
85 57
85 170
85 87
86 47
86 135
86 179
86 296
87 190
87 169
87 222
87 85
87 203
87 290
88 174
88 145
88 280
89 77
89 162
89 45
89 163
89 209
90 112
91 275
91 57
91 105
91 235
92 19
93 18
93 131
93 224
93 182
93 114
93 147
93 243
93 21
94 212
94 100
94 81
94 154
95 10
95 201
96 80
96 199
96 187
96 287
96 101
97 82
97 41
97 177
97 185
97 155
98 234
98 145
99 260
99 294
99 64
99 160
100 94
100 1
100 26
100 139
100 20
101 81
101 174
101 39
101 96
101 147
102 151
102 112
102 159
102 277
103 243
103 68
104 207
104 223
105 266
105 156
105 237
105 91
105 30
105 125
106 36
106 69
106 160
107 24
107 193
107 67
108 143
108 54
108 268
109 81
109 0
109 111
109 5
109 36
110 27
110 246
110 59
111 180
111 109
111 284
111 270
112 102
112 13
112 90
112 246
112 264
112 190
112 205
112 62
113 140
114 93
114 268
115 67
115 163
115 29
115 47
115 2
116 247
116 78
116 211
116 206
116 182
117 33
117 238
119 181
119 125
120 290
120 149
120 204
121 184
121 37
121 260
121 129
121 122
121 296
122 130
122 173
122 183
122 62
122 121
122 67
123 139
123 54
123 275
124 196
125 5
125 119
125 39
125 105
126 12
126 149
126 69
126 241
126 286
126 259
127 2
127 253
128 45
128 276
128 153
128 271
129 219
129 138
129 121
130 66
130 122
130 263
131 93
131 16
131 273
131 206
132 247
132 84
132 183
132 234
133 43
133 218
133 246
134 80
134 152
134 205
134 16
134 143
135 256
135 86
135 81
136 204
136 17
136 72
137 220
137 66
137 146
138 237
138 221
138 129
138 170
138 298
139 123
139 177
139 100
139 63
139 61
140 172
140 299
140 266
140 251
140 74
140 113
141 270
141 230
142 289
142 73
142 57
143 5
143 108
143 216
143 164
143 134
144 187
144 40
145 63
145 257
145 98
145 222
145 267
145 252
145 61
145 88
145 224
145 296
146 49
146 2
146 251
146 280
146 137
146 44
147 101
147 93
148 213
148 292
149 120
149 245
149 161
149 126
149 150
149 239
150 149
150 3
151 102
151 209
151 238
151 75
151 218
151 197
151 235
152 164
152 288
152 48
152 134
152 266
153 204
153 78
153 203
153 196
153 213
153 128
154 172
154 275
154 94
154 286
155 246
155 190
155 97
155 241
156 105
156 193
158 16
158 270
158 226
159 224
159 265
159 102
159 204
159 297
160 168
160 179
160 196
160 43
160 80
160 106
160 196
160 99
161 149
161 182
161 213
161 285
162 278
162 89
162 168
162 246
162 291
163 195
163 280
163 115
163 59
163 89
163 194
163 31
164 152
164 73
164 205
164 143
164 239
165 293
166 258
166 76
166 198
166 282
166 3
167 44
167 192
167 207
168 160
168 61
168 229
168 162
168 69
169 204
169 191
169 87
169 47
169 241
170 138
170 276
170 261
170 85
170 213
171 180
171 232
171 281
171 246
172 154
172 140
172 59
172 230
172 204
173 122
173 208
173 224
173 223
173 287
174 88
174 101
174 242
174 242
174 190
175 176
176 175
176 12
176 261
177 46
177 295
177 97
177 139
178 196
178 29
178 33
178 45
178 83
178 190
179 160
179 5
179 86
179 196
180 111
180 171
180 45
181 223
181 245
181 119
181 67
181 77
182 38
182 93
182 81
182 116
182 161
183 132
183 210
183 266
183 298
183 122
183 22
184 121
184 256
184 66
184 276
185 282
185 217
185 68
185 188
185 236
185 97
185 44
186 285
186 22
187 79
187 96
187 78
187 144
187 34
188 11
188 37
188 185
188 25
188 261
188 23
189 245
189 224
189 272
189 280
190 75
190 87
190 155
190 112
190 174
190 178
191 267
191 169
192 60
192 56
192 29
192 167
193 286
193 107
193 73
193 63
193 156
193 277
194 270
194 82
194 6
194 228
194 163
195 163
195 294
195 264
195 81
196 178
196 160
196 77
196 153
196 82
196 179
196 160
196 235
196 124
197 235
197 33
197 151
197 26
197 23
197 73
197 256
198 166
198 224
198 256
199 96
199 265
200 256
200 241
201 204
201 83
201 95
201 41
201 47
202 224
203 243
203 5
203 153
203 280
203 250
203 87
204 153
204 169
204 136
204 201
204 120
204 159
204 172
205 164
205 8
205 112
205 134
206 131
206 225
206 116
207 104
207 14
207 167
207 39
207 51
208 240
208 25
208 228
208 173
208 262
209 249
209 151
209 35
209 89
210 183
210 36
210 254
211 116
212 216
212 94
213 57
213 148
213 252
213 153
213 170
213 161
214 43
214 266
215 16
215 291
215 297
215 77
215 271
216 212
216 31
216 259
216 143
217 185
217 246
217 67
218 244
218 151
218 45
218 133
218 79
219 129
219 82
220 137
220 237
220 228
221 138
221 12
221 291
221 5
222 255
222 145
222 87
222 263
223 181
223 61
223 286
223 283
223 173
223 104
224 93
224 159
224 189
224 198
224 173
224 145
224 202
225 276
225 3
225 14
225 206
225 68
226 228
226 279
226 248
226 227
226 158
227 276
227 49
227 226
228 282
228 208
228 226
228 263
228 194
228 220
228 62
229 168
229 83
230 5
230 172
230 141
231 63
231 238
231 274
232 171
232 17
232 73
232 49
233 34
233 33
234 54
234 98
234 40
234 132
234 66
234 0
235 197
235 263
235 151
235 91
235 196
236 185
237 220
237 138
237 105
237 242
237 2
238 151
238 69
238 27
238 250
238 231
238 117
239 297
239 261
239 164
239 149
239 0
240 208
240 9
241 200
241 126
241 169
241 246
241 155
242 246
242 237
242 174
242 174
242 279
243 203
243 288
243 103
243 93
244 218
244 278
244 245
245 149
245 7
245 181
245 244
245 189
245 67
246 155
246 110
246 295
246 242
246 112
246 162
246 11
246 133
246 241
246 171
246 217
247 132
247 116
248 82
248 266
248 226
248 6
249 209
249 19
250 58
250 238
250 24
250 203
251 29
251 281
251 140
251 146
251 82
252 145
252 213
252 287
253 14
253 127
253 42
254 33
254 210
255 222
255 19
255 294
256 200
256 184
256 135
256 280
256 19
256 197
256 198
257 298
257 145
257 22
257 73
258 166
258 39
258 31
259 27
259 216
259 126
260 99
260 26
260 121
261 2
261 4
261 85
261 72
261 239
261 188
261 170
261 176
262 23
262 29
262 208
263 292
263 235
263 130
263 228
263 222
263 270
264 41
264 112
264 195
265 159
265 199
266 105
266 248
266 140
266 183
266 28
266 70
266 152
266 214
267 191
267 145
267 288
268 29
268 108
268 114
269 29
269 75
269 2
269 80
269 290
270 194
270 141
270 158
270 18
270 8
270 69
270 111
270 263
271 128
271 215
271 44
272 39
272 189
273 52
273 61
273 67
273 131
274 1
274 54
274 33
274 76
274 231
275 91
275 154
275 283
275 3
275 123
276 225
276 290
276 227
276 170
276 128
276 84
276 184
277 102
277 43
277 193
277 289
278 2
278 162
278 244
278 31
279 226
279 242
280 33
280 64
280 163
280 289
280 256
280 146
280 203
280 88
280 189
281 26
281 251
281 76
281 31
281 171
281 74
282 62
282 185
282 228
282 46
282 166
283 275
283 223
283 14
284 14
284 111
284 288
285 1
285 186
285 9
285 161
286 58
286 193
286 223
286 154
286 126
287 96
287 252
287 66
287 173
288 152
288 68
288 243
288 83
288 284
288 267
289 76
289 142
289 280
289 277
290 120
290 27
290 276
290 299
290 87
290 269
291 215
291 4
291 18
291 162
291 221
291 29
291 292
292 263
292 148
292 79
292 291
293 165
293 80
293 54
294 195
294 75
294 255
294 99
295 57
295 177
295 246
295 66
296 145
296 121
296 86
296 298
297 239
297 65
297 67
297 215
297 159
298 257
298 19
298 11
298 183
298 296
298 138
299 140
299 290
9
123
152
259
276
145
57
76
33
153
16
178
136
244
55
205
247
186
188
151
24
299
215
116
295
296
13
16
-1
-1
-1
-1
-1
-1
-1
-1
-1
-1
-1
-1
-1
-1
-1
-1
