300 758
0 236
0 98
0 33
1 173
1 17
1 260
2 40
2 190
2 278
2 266
2 162
3 29
3 285
3 141
3 22
4 122
4 274
4 139
4 89
4 184
4 252
5 141
5 39
5 171
5 79
5 69
5 206
5 134
5 203
6 212
6 219
6 230
6 65
6 82
7 208
7 200
8 162
8 283
8 197
8 133
8 282
8 140
8 41
8 171
9 62
9 34
9 270
10 123
10 107
10 52
10 13
10 215
10 28
11 158
11 129
11 227
11 29
11 127
11 289
11 107
12 126
12 202
12 176
12 271
13 100
13 209
13 254
13 10
13 149
14 115
14 199
15 20
15 293
15 44
15 273
16 100
16 179
17 1
18 262
18 198
18 239
18 57
18 108
18 221
18 154
18 100
18 53
18 77
19 113
19 208
19 132
19 229
19 62
19 273
19 197
19 255
20 15
20 266
20 299
20 250
20 90
20 36
21 40
21 57
21 85
21 130
21 252
22 99
22 197
22 3
22 269
22 190
23 283
23 272
23 133
23 194
23 88
23 188
23 94
23 206
23 288
24 136
24 151
24 185
24 105
24 144
24 73
25 184
25 109
25 77
25 180
25 246
26 194
26 99
26 238
27 192
27 246
27 92
27 209
28 294
28 248
28 33
28 45
28 10
29 3
29 233
29 11
29 56
29 197
30 147
30 76
30 269
31 243
31 82
31 154
31 166
31 277
31 59
32 229
32 216
32 210
32 183
32 293
32 144
32 180
32 251
32 111
33 166
33 75
33 28
33 181
33 207
33 157
33 0
34 116
34 237
34 231
34 9
34 204
35 284
35 58
35 124
35 187
36 100
36 43
36 259
36 20
37 151
37 117
37 279
38 159
38 64
38 244
38 121
39 5
39 259
39 166
39 181
39 86
39 228
40 2
40 21
40 46
40 96
40 152
40 188
40 196
41 65
41 292
41 129
41 8
41 287
42 297
42 281
42 134
42 169
42 252
42 259
42 240
42 135
43 107
43 113
43 163
43 126
43 225
43 73
43 36
44 176
44 267
44 253
44 117
44 15
45 46
45 238
45 28
46 263
46 45
46 40
46 181
46 87
46 106
46 186
46 213
47 159
47 66
47 93
47 247
47 236
47 108
48 274
48 187
49 148
49 255
49 291
49 271
49 200
50 53
50 257
51 96
51 140
51 53
51 190
52 217
52 169
52 261
52 10
52 143
52 129
53 220
53 50
53 112
53 51
53 172
53 260
53 18
53 89
54 157
54 163
54 129
54 76
54 190
55 298
55 228
55 255
56 161
56 84
56 251
56 29
56 202
56 248
57 21
57 262
57 18
57 244
57 243
57 112
58 35
59 237
59 199
59 229
59 88
59 207
59 31
60 93
60 115
60 210
61 154
61 271
61 133
61 267
61 64
61 121
61 98
62 242
62 153
62 9
62 19
62 283
63 216
63 252
63 134
64 143
64 108
64 61
64 179
64 38
64 203
64 78
64 97
64 66
65 242
65 195
65 41
65 6
65 278
66 69
66 185
66 47
66 207
66 180
66 165
66 282
66 125
66 190
66 101
66 64
67 254
67 128
67 109
67 266
68 152
68 214
68 244
68 69
69 66
69 236
69 199
69 229
69 5
69 68
69 137
70 109
70 74
70 133
70 201
71 79
71 232
71 136
71 212
71 207
72 230
73 153
73 171
73 157
73 260
73 122
73 43
73 87
73 109
73 24
74 70
75 33
75 257
76 30
76 54
77 277
77 25
77 18
78 185
78 64
78 196
79 71
79 236
79 260
79 297
79 5
79 192
79 154
80 154
80 289
80 196
80 133
81 85
81 269
81 242
81 172
81 297
81 192
82 108
82 31
82 114
82 6
82 200
83 257
83 121
83 99
83 199
83 250
83 90
84 56
84 130
84 244
84 149
85 21
85 81
85 177
86 231
86 39
87 146
87 259
87 46
87 240
87 281
87 73
87 197
88 208
88 198
88 23
88 217
88 59
88 213
89 211
89 226
89 4
89 90
89 185
89 53
90 224
90 124
90 83
90 112
90 20
90 89
90 293
91 93
92 197
92 27
92 155
92 273
93 91
93 47
93 60
93 282
93 169
93 129
94 288
94 194
94 23
95 195
95 150
95 114
95 126
96 164
96 51
96 40
97 252
97 99
97 64
98 276
98 259
98 61
98 0
99 22
99 26
99 270
99 83
99 237
99 97
99 272
100 210
100 13
100 36
100 190
100 128
100 16
100 225
100 18
100 162
101 218
101 66
102 215
102 109
102 268
102 138
103 218
103 244
103 148
103 140
104 189
104 161
104 207
105 24
105 146
106 233
106 268
106 46
106 155
106 247
107 43
107 10
107 235
107 220
107 171
107 141
107 11
108 82
108 64
108 161
108 18
108 175
108 47
109 70
109 102
109 130
109 25
109 67
109 73
110 131
110 249
110 209
111 234
111 257
111 32
112 53
112 90
112 163
112 57
113 19
113 259
113 230
113 43
113 217
114 273
114 168
114 82
114 117
114 95
114 145
114 201
115 14
115 181
115 60
115 209
116 34
116 276
116 193
116 252
116 141
117 292
117 44
117 181
117 37
117 152
117 114
118 292
119 235
119 259
120 190
120 271
120 214
120 167
120 155
120 260
121 261
121 83
121 228
121 241
121 160
121 61
121 203
121 38
122 215
122 4
122 292
122 73
122 130
123 10
123 138
123 128
123 148
124 270
124 90
124 144
124 283
124 181
124 35
125 249
125 190
125 128
125 66
125 133
125 202
126 282
126 286
126 12
126 43
126 187
126 207
126 95
126 257
127 11
127 274
127 208
128 123
128 67
128 251
128 100
128 125
129 174
129 54
129 11
129 41
129 252
129 93
129 52
129 188
130 286
130 299
130 109
130 21
130 84
130 264
130 122
131 110
131 237
131 188
131 138
131 149
132 257
132 19
132 257
132 291
132 271
133 203
133 190
133 23
133 61
133 8
133 188
133 80
133 227
133 70
133 125
134 42
134 5
134 147
134 266
134 253
134 63
135 42
136 24
136 190
136 71
136 141
137 258
137 291
137 188
137 257
137 69
138 123
138 204
138 183
138 181
138 131
138 192
138 179
138 102
139 200
139 285
139 4
140 227
140 227
140 288
140 230
140 51
140 8
140 193
140 103
140 226
141 232
141 5
141 167
141 3
141 107
141 136
141 227
141 116
142 171
143 64
143 52
144 32
144 24
144 242
144 206
144 179
144 285
144 124
144 248
144 276
145 289
145 274
145 114
145 149
145 208
145 266
146 87
146 195
146 105
147 30
147 155
147 134
147 151
147 256
148 257
148 49
148 123
148 103
149 268
149 174
149 145
149 131
149 13
149 261
149 84
150 95
150 283
150 211
151 37
151 24
151 193
151 275
151 147
152 68
152 192
152 227
152 40
152 117
153 73
153 62
153 279
153 248
153 288
153 161
154 80
154 61
154 218
154 31
154 18
154 79
154 274
154 260
155 147
155 120
155 92
155 106
156 226
156 284
156 229
157 54
157 73
157 255
157 204
157 33
158 210
158 11
158 204
158 161
158 174
158 192
159 178
159 47
159 38
159 253
159 180
160 295
160 121
160 267
160 207
160 164
161 56
161 200
161 108
161 104
161 267
161 153
161 169
161 158
162 195
162 8
162 204
162 100
162 166
162 2
163 169
163 43
163 212
163 54
163 112
164 96
164 172
164 280
164 168
164 160
164 274
165 66
165 272
166 282
166 33
166 174
166 39
166 283
166 31
166 162
167 120
167 141
168 178
168 164
168 204
168 210
168 114
168 185
168 265
169 163
169 52
169 299
169 42
169 93
169 254
169 231
169 161
169 284
170 243
170 195
171 5
171 73
171 209
171 287
171 142
171 107
171 271
171 199
171 204
171 8
172 258
172 164
172 230
172 81
172 53
173 204
173 243
173 1
173 263
173 211
174 129
174 267
174 166
174 149
174 158
174 242
175 264
175 191
175 108
176 44
176 218
176 245
176 12
177 85
177 240
178 168
178 159
178 243
178 268
179 144
179 64
179 16
179 203
179 138
180 32
180 66
180 25
180 159
181 213
181 115
181 252
181 46
181 117
181 124
181 39
181 138
181 33
182 211
182 211
182 248
182 276
183 32
183 217
183 138
184 25
184 4
184 234
184 277
185 66
185 24
185 78
185 212
185 89
185 168
185 273
186 46
187 298
187 48
187 126
187 35
188 131
188 137
188 133
188 23
188 238
188 40
188 129
189 104
190 120
190 136
190 133
190 2
190 100
190 125
190 205
190 51
190 66
190 54
190 22
191 229
191 175
191 284
192 152
192 27
192 79
192 232
192 81
192 203
192 138
192 158
193 151
193 240
193 116
193 140
194 26
194 23
194 202
194 94
194 265
195 95
195 162
195 224
195 146
195 65
195 277
195 255
195 170
196 203
196 80
196 229
196 78
196 40
197 210
197 246
197 8
197 267
197 92
197 22
197 19
197 29
197 87
198 254
198 18
198 88
198 272
198 294
199 265
199 69
199 83
199 59
199 171
199 213
199 14
200 216
200 161
200 139
200 82
200 7
200 49
201 255
201 70
201 114
202 12
202 194
202 251
202 56
202 273
202 125
203 133
203 196
203 121
203 192
203 5
203 64
203 179
204 138
204 248
204 173
204 216
204 168
204 157
204 162
204 206
204 158
204 34
204 171
205 267
205 190
206 144
206 204
206 5
206 213
206 23
207 66
207 223
207 160
207 104
207 294
207 126
207 33
207 59
207 71
208 88
208 7
208 19
208 240
208 232
208 145
208 127
209 13
209 171
209 299
209 296
209 227
209 110
209 115
209 294
209 27
210 100
210 32
210 197
210 277
210 158
210 269
210 168
210 60
211 182
211 89
211 182
211 277
211 150
211 173
212 6
212 163
212 185
212 71
213 181
213 251
213 206
213 199
213 46
213 88
214 68
214 120
214 266
215 102
215 122
215 10
216 32
216 200
216 204
216 63
217 52
217 183
217 296
217 113
217 88
217 289
218 225
218 176
218 154
218 103
218 101
219 260
219 6
220 53
220 107
220 264
221 290
221 18
221 236
223 207
223 266
224 90
224 195
224 271
225 218
225 43
225 100
225 289
226 89
226 156
226 140
227 140
227 152
227 140
227 209
227 11
227 133
227 141
228 121
228 266
228 55
228 237
228 39
229 32
229 69
229 290
229 191
229 19
229 59
229 156
229 196
230 113
230 260
230 6
230 72
230 140
230 172
230 248
230 277
230 261
230 272
230 297
231 86
231 269
231 34
231 250
231 169
231 295
232 141
232 71
232 192
232 208
232 297
233 106
233 270
233 29
233 255
233 298
233 238
234 111
234 184
235 107
235 119
236 79
236 69
236 0
236 47
236 221
237 34
237 131
237 59
237 286
237 99
237 228
237 299
238 280
238 45
238 26
238 188
238 233
239 272
239 18
239 296
240 208
240 87
240 193
240 177
240 42
241 296
241 121
242 65
242 266
242 62
242 144
242 81
242 266
242 174
243 178
243 31
243 276
243 173
243 170
243 296
243 57
244 281
244 68
244 250
244 103
244 57
244 84
244 38
245 176
246 197
246 27
246 25
247 47
247 106
248 204
248 28
248 153
248 182
248 230
248 144
248 56
249 110
249 125
250 244
250 83
250 20
250 231
251 56
251 128
251 213
251 202
251 32
252 181
252 63
252 97
252 289
252 42
252 21
252 129
252 4
252 116
253 262
253 44
253 299
253 159
253 134
254 198
254 13
254 67
254 258
254 169
255 201
255 49
255 157
255 55
255 233
255 19
255 195
256 284
256 273
256 147
257 148
257 83
257 132
257 132
257 50
257 75
257 111
257 137
257 126
258 137
258 172
258 254
259 113
259 39
259 87
259 98
259 289
259 42
259 279
259 119
259 36
260 219
260 79
260 230
260 73
260 277
260 120
260 53
260 279
260 154
260 1
261 121
261 52
261 230
261 149
262 18
262 253
262 57
263 46
263 285
263 173
263 298
264 279
264 175
264 130
264 220
265 199
265 298
265 194
265 168
266 20
266 242
266 228
266 2
266 214
266 67
266 242
266 134
266 145
266 223
267 174
267 205
267 44
267 61
267 197
267 160
267 161
268 106
268 102
268 149
268 178
269 231
269 210
269 81
269 22
269 271
269 30
270 124
270 294
270 99
270 233
270 9
270 283
271 120
271 61
271 224
271 49
271 171
271 269
271 12
271 132
272 23
272 239
272 198
272 165
272 99
272 230
273 114
273 19
273 256
273 202
273 92
273 185
273 15
274 48
274 278
274 4
274 145
274 299
274 154
274 127
274 164
275 151
276 98
276 116
276 243
276 182
276 144
277 290
277 210
277 77
277 211
277 230
277 260
277 195
277 31
277 184
278 2
278 274
278 65
279 264
279 153
279 260
279 37
279 259
280 164
280 238
281 244
281 42
281 87
282 126
282 166
282 93
282 66
282 8
283 294
283 23
283 8
283 150
283 124
283 166
283 270
283 62
284 256
284 35
284 156
284 169
284 191
285 3
285 144
285 139
285 263
286 126
286 130
286 237
287 171
287 41
288 296
288 94
288 140
288 153
288 23
289 145
289 80
289 291
289 259
289 252
289 225
289 11
289 217
290 277
290 229
290 221
290 293
291 137
291 49
291 289
291 132
292 117
292 122
292 41
292 118
293 32
293 15
293 290
293 90
294 283
294 28
294 270
294 209
294 207
294 198
295 160
295 231
296 241
296 209
296 288
296 217
296 243
296 239
297 42
297 79
297 232
297 81
297 230
298 187
298 55
298 265
298 233
298 263
299 130
299 209
299 169
299 20
299 253
299 274
299 237
5
170
158
128
227
64
18
145
205
231
74
96
111
69
282
46
13
156
149
4
43
257
75
264
219
18
-1
-1
-1
-1
-1
-1
-1
-1
-1
-1
-1
-1
-1
-1
-1
-1
-1
-1
