300 638
0 86
0 227
0 109
1 246
2 180
2 70
2 220
2 58
2 72
2 252
3 107
4 258
4 83
4 72
4 103
4 88
4 271
5 43
5 115
5 61
5 207
6 33
6 31
6 131
6 49
6 139
7 265
7 263
8 258
8 270
8 265
8 274
8 209
8 286
8 214
8 9
9 246
9 133
9 55
9 91
9 157
9 8
10 37
10 140
10 224
10 269
10 66
10 292
11 190
11 64
11 162
11 136
11 248
11 29
12 207
12 165
12 147
12 299
13 65
13 205
14 161
14 109
14 49
15 96
15 123
16 289
16 250
16 103
16 226
17 144
17 216
18 258
18 274
18 202
19 235
19 46
20 173
20 253
21 45
21 185
21 137
21 73
22 41
22 231
22 29
22 39
23 103
23 124
23 213
24 290
24 241
25 172
25 212
26 44
26 84
26 39
26 109
26 41
27 260
27 264
27 45
27 238
28 72
29 73
29 145
29 279
29 22
29 11
30 117
30 99
30 298
30 274
31 249
31 116
31 156
31 6
31 49
31 207
31 221
31 256
32 44
33 268
33 6
33 298
33 41
34 191
34 290
35 53
35 51
35 201
35 218
36 193
36 108
36 195
36 234
36 105
36 215
37 10
37 143
37 63
37 95
38 140
38 82
38 121
38 298
38 269
38 125
38 166
38 186
38 47
39 110
39 224
39 26
39 88
39 169
39 202
39 91
39 128
39 222
39 22
40 262
40 123
40 181
41 22
41 131
41 33
41 173
41 26
41 46
42 94
42 111
42 112
43 5
43 281
43 112
44 26
44 292
44 174
44 104
44 32
44 122
45 21
45 269
45 198
45 299
45 27
45 176
45 158
45 144
46 292
46 178
46 19
46 187
46 131
46 146
46 249
46 41
46 196
47 181
47 211
47 298
47 38
47 299
47 170
47 100
48 63
48 254
48 139
49 222
49 154
49 31
49 6
49 232
49 14
49 166
50 184
51 143
51 35
51 65
52 147
52 241
52 78
52 172
52 272
52 143
53 35
53 223
53 138
53 202
53 103
53 116
53 170
53 298
53 202
54 157
54 176
54 82
54 244
54 141
54 127
54 194
55 65
55 9
56 185
56 212
57 205
57 269
57 199
58 184
58 2
58 253
58 83
58 221
58 142
59 209
59 106
59 178
59 185
60 265
60 223
60 219
60 285
61 227
61 71
61 226
61 198
61 5
62 212
62 291
62 92
62 192
62 215
63 278
63 48
63 221
63 37
63 182
63 156
63 109
63 266
63 179
64 153
64 238
64 11
64 119
64 145
65 271
65 13
65 219
65 51
65 55
65 202
66 296
66 123
66 84
66 208
66 10
66 192
67 177
67 75
68 203
68 127
68 160
68 228
68 173
69 155
69 190
70 297
70 137
70 78
70 184
70 2
71 61
71 129
71 213
71 176
71 254
71 184
72 4
72 2
72 28
72 252
73 235
73 29
73 172
73 219
73 140
73 267
73 239
73 21
74 221
74 193
74 103
74 120
74 243
75 103
75 67
75 126
76 266
76 137
76 163
76 111
77 289
77 87
77 88
77 185
77 155
78 213
78 52
78 70
78 197
79 265
79 117
79 262
80 84
81 174
82 181
82 54
82 38
82 208
82 289
82 187
83 224
83 236
83 4
83 58
84 80
84 269
84 225
84 26
84 66
84 162
85 265
85 250
85 90
86 119
86 282
86 0
86 207
86 99
86 225
87 77
87 186
87 280
87 262
88 77
88 39
88 198
88 4
88 142
88 184
89 287
89 121
89 267
90 225
90 263
90 207
90 263
90 85
90 113
90 192
91 201
91 104
91 92
91 217
91 39
91 9
92 170
92 167
92 91
92 122
92 62
92 174
93 133
93 295
93 282
93 212
94 42
94 152
94 258
95 241
95 191
95 204
95 217
95 129
95 37
96 144
96 231
96 186
96 280
96 15
97 270
97 242
97 251
98 106
98 298
98 281
98 228
98 131
98 152
98 241
99 186
99 30
99 86
100 134
100 47
101 298
101 255
101 253
102 289
102 103
103 209
103 74
103 23
103 4
103 279
103 75
103 53
103 102
103 16
103 191
104 259
104 91
104 44
104 290
104 130
104 115
105 136
105 120
105 36
105 226
106 98
106 209
106 109
106 209
106 59
107 3
107 297
107 159
108 176
108 36
109 169
109 106
109 63
109 0
109 14
109 26
109 137
110 39
110 151
110 295
110 196
111 125
111 168
111 42
111 249
111 148
111 76
112 123
112 262
112 286
112 42
112 43
113 90
114 121
114 299
115 191
115 5
115 179
115 104
116 268
116 236
116 153
116 31
116 145
116 53
116 280
117 30
117 179
117 180
117 138
117 79
118 172
119 86
119 163
119 64
120 208
120 198
120 199
120 74
120 105
120 284
121 263
121 234
121 38
121 89
121 114
121 267
121 149
121 269
122 175
122 204
122 92
122 211
122 44
123 40
123 112
123 277
123 269
123 66
123 204
123 194
123 15
124 134
124 213
124 272
124 23
125 284
125 234
125 111
125 38
125 272
125 168
126 153
126 75
126 203
127 68
127 210
127 54
127 285
128 265
128 208
128 284
128 160
128 39
129 169
129 71
129 95
130 257
130 193
130 104
131 98
131 46
131 41
131 6
132 195
132 246
133 247
133 178
133 93
133 279
133 9
133 219
133 141
134 124
134 100
134 191
135 222
136 105
136 175
136 11
137 70
137 76
137 233
137 290
137 241
137 187
137 21
137 227
137 109
138 53
138 117
138 178
138 289
139 259
139 271
139 48
139 6
140 38
140 10
140 73
140 179
140 260
141 155
141 191
141 144
141 54
141 133
142 242
142 88
142 58
143 198
143 244
143 51
143 37
143 52
144 17
144 96
144 141
144 198
144 286
144 45
144 159
145 29
145 173
145 116
145 235
145 64
146 282
146 46
147 52
147 256
147 12
148 111
148 204
149 198
149 121
149 291
150 299
151 110
151 234
151 229
152 94
152 98
152 269
153 64
153 189
153 116
153 181
153 218
153 126
154 49
154 249
154 234
154 264
154 202
155 141
155 261
155 69
155 158
155 77
156 31
156 245
156 63
157 54
157 241
157 160
157 168
157 9
158 206
158 279
158 45
158 181
158 155
159 107
159 144
159 244
160 188
160 200
160 157
160 68
160 128
161 213
161 14
161 254
162 11
162 243
162 198
162 84
163 76
163 119
163 297
164 166
165 12
165 176
166 164
166 38
166 49
167 260
167 199
167 92
168 271
168 111
168 198
168 125
168 157
169 109
169 129
169 39
169 214
169 295
170 222
170 92
170 53
170 47
172 185
172 25
172 52
172 73
172 118
173 20
173 145
173 41
173 215
173 68
174 191
174 44
174 81
174 92
174 298
175 122
175 136
176 54
176 108
176 45
176 71
176 165
177 239
177 67
177 259
178 133
178 46
178 59
178 138
178 280
179 184
179 115
179 180
179 117
179 267
179 140
179 63
180 179
180 2
180 117
181 47
181 82
181 185
181 153
181 158
181 40
182 231
182 63
182 259
183 207
183 291
184 179
184 218
184 58
184 70
184 88
184 50
184 71
185 172
185 21
185 181
185 56
185 77
185 59
185 271
186 99
186 96
186 87
186 38
186 193
187 46
187 82
187 137
188 160
188 190
189 153
189 227
190 11
190 69
190 188
191 227
191 34
191 115
191 95
191 174
191 252
191 141
191 214
191 293
191 103
191 228
191 134
192 62
192 90
192 66
193 36
193 74
193 276
193 130
193 186
193 255
193 215
194 123
194 54
195 132
195 36
196 270
196 253
196 110
196 46
197 78
197 254
198 143
198 45
198 120
198 149
198 61
198 168
198 144
198 162
198 88
198 211
199 244
199 167
199 264
199 120
199 283
199 57
200 160
201 91
201 267
201 35
202 239
202 18
202 154
202 53
202 39
202 53
202 65
203 68
203 293
203 126
204 95
204 122
204 271
204 148
204 123
205 288
205 57
205 282
205 13
206 158
206 278
207 12
207 248
207 183
207 86
207 90
207 31
207 5
208 120
208 82
208 128
208 66
209 106
209 59
209 103
209 106
209 8
210 127
211 47
211 122
211 198
212 62
212 56
212 93
212 25
213 161
213 78
213 255
213 259
213 124
213 260
213 71
213 23
214 191
214 169
214 8
215 36
215 193
215 62
215 173
216 17
217 243
217 296
217 229
217 95
217 268
217 280
217 91
218 184
218 250
218 153
218 35
219 65
219 226
219 73
219 60
219 133
220 2
220 228
220 268
221 74
221 255
221 63
221 58
221 31
222 135
222 49
222 170
222 289
222 39
223 53
223 60
223 294
224 83
224 10
224 39
224 282
224 237
225 292
225 90
225 84
225 252
225 86
225 281
226 262
226 61
226 219
226 16
226 105
226 287
227 191
227 259
227 61
227 0
227 189
227 137
228 98
228 220
228 68
228 191
229 217
229 275
229 260
229 151
231 253
231 96
231 22
231 182
232 49
233 137
233 275
234 121
234 125
234 151
234 36
234 154
234 289
235 73
235 19
235 145
236 116
236 83
236 253
237 245
237 224
238 64
238 278
238 27
239 177
239 202
239 73
240 252
240 266
240 290
241 95
241 52
241 137
241 24
241 157
241 98
242 142
242 97
243 247
243 217
243 289
243 162
243 294
243 292
243 74
244 199
244 143
244 54
244 252
244 159
245 237
245 156
245 286
246 9
246 279
246 279
246 132
246 1
247 243
247 133
248 207
248 11
249 31
249 154
249 111
249 272
249 46
250 218
250 85
250 258
250 16
251 97
252 240
252 191
252 225
252 277
252 244
252 72
252 289
252 2
253 231
253 275
253 20
253 58
253 196
253 236
253 101
254 197
254 48
254 71
254 265
254 161
255 213
255 221
255 101
255 193
256 147
256 31
257 130
258 4
258 18
258 8
258 94
258 250
259 227
259 104
259 213
259 139
259 182
259 177
260 167
260 27
260 213
260 140
260 229
261 283
261 155
262 40
262 226
262 286
262 112
262 275
262 87
262 79
263 121
263 90
263 7
263 90
264 199
264 27
264 154
265 7
265 85
265 60
265 128
265 79
265 8
265 276
265 254
266 240
266 76
266 63
267 201
267 89
267 179
267 121
267 73
268 116
268 33
268 217
268 220
269 84
269 45
269 123
269 38
269 152
269 57
269 10
269 121
270 97
270 196
270 8
271 168
271 65
271 204
271 139
271 4
271 185
272 249
272 124
272 125
272 52
273 274
273 276
274 18
274 273
274 8
274 30
275 253
275 233
275 229
275 262
276 297
276 193
276 273
276 265
276 277
277 123
277 252
277 276
278 63
278 238
278 206
278 291
279 246
279 246
279 158
279 29
279 103
279 133
279 281
280 96
280 217
280 87
280 294
280 116
280 178
281 98
281 43
281 279
281 225
282 86
282 146
282 205
282 93
282 224
283 261
283 199
284 125
284 128
284 120
284 288
285 60
285 127
286 262
286 112
286 144
286 8
286 245
287 89
287 226
288 205
288 284
289 77
289 16
289 243
289 222
289 102
289 82
289 252
289 138
289 234
290 24
290 240
290 137
290 104
290 34
291 62
291 183
291 278
291 149
292 297
292 46
292 225
292 44
292 243
292 10
293 191
293 203
294 243
294 223
294 280
295 93
295 110
295 169
296 66
296 217
297 292
297 276
297 70
297 107
297 163
298 98
298 101
298 47
298 38
298 33
298 30
298 53
298 174
299 45
299 47
299 12
299 114
299 150
9
94
9
51
40
87
16
206
288
196
12
172
111
286
284
122
175
147
15
38
187
289
222
12
-1
-1
-1
-1
-1
-1
-1
-1
-1
-1
-1
-1
