300 709
0 235
0 80
0 295
0 197
0 100
0 125
0 164
0 93
0 137
0 168
1 247
1 82
1 94
1 222
1 134
2 44
2 130
2 91
2 237
2 247
2 54
2 200
3 100
3 227
3 61
4 70
5 164
5 287
5 221
6 195
6 257
6 167
6 118
6 109
7 285
7 245
7 239
7 297
7 259
8 46
8 199
8 14
8 267
8 269
8 42
8 118
9 245
9 148
9 181
9 124
9 183
10 270
10 215
10 229
10 47
10 252
10 93
11 65
11 107
11 214
12 82
12 33
12 44
12 265
13 81
13 88
13 14
13 86
14 78
14 13
14 8
14 216
14 188
14 103
14 32
15 269
15 267
15 97
15 292
15 176
15 223
16 276
16 136
16 174
16 85
16 128
16 174
16 39
17 237
17 183
18 282
18 111
18 25
18 157
19 117
19 259
19 36
19 277
19 211
19 170
19 109
19 253
19 162
20 127
20 115
20 33
20 135
20 143
21 209
21 192
22 32
22 125
23 198
23 188
23 114
23 77
24 237
24 201
24 130
25 277
25 27
25 121
25 18
26 259
27 276
27 25
27 213
27 98
27 236
27 225
28 162
28 57
28 269
28 212
28 243
28 230
29 113
29 239
29 296
29 130
29 195
29 69
30 180
31 202
31 89
31 130
31 95
32 22
32 67
32 213
32 62
32 14
32 173
33 20
33 146
33 12
33 102
33 198
34 50
34 58
34 281
35 112
35 266
35 222
35 146
35 160
36 188
36 19
36 256
36 262
36 132
37 160
37 262
37 95
38 202
39 244
39 16
40 136
40 223
40 265
41 156
41 213
41 90
41 218
41 78
41 168
42 99
42 183
42 8
42 264
43 262
43 265
43 76
44 153
44 229
44 2
44 279
44 192
44 126
44 12
44 153
45 215
45 187
45 190
45 62
45 67
46 8
46 155
46 148
46 161
46 292
46 106
46 192
47 240
47 52
47 10
47 113
47 188
47 213
48 185
48 278
48 133
48 144
49 284
49 170
49 127
50 34
50 134
51 119
51 287
51 243
51 162
51 200
51 65
51 258
52 175
52 261
52 47
53 61
53 66
53 294
54 183
54 134
54 140
54 127
54 2
55 271
55 167
55 183
56 187
56 247
56 131
56 186
57 78
57 119
57 59
57 28
58 253
58 235
58 150
58 134
58 264
58 269
58 34
58 297
58 205
59 57
59 250
60 151
61 106
61 282
61 263
61 134
61 53
61 3
61 69
61 117
61 90
62 32
62 110
62 244
62 45
63 161
63 91
63 241
63 146
63 182
64 234
64 162
64 74
65 11
65 70
65 181
65 266
65 51
66 168
66 82
66 149
66 53
67 233
67 32
67 152
67 146
67 149
67 228
67 45
67 169
68 131
68 207
68 107
69 91
69 255
69 156
69 213
69 280
69 61
69 29
70 65
70 194
70 241
70 115
70 209
70 4
71 105
71 168
71 205
71 74
72 152
72 297
72 148
72 177
72 163
73 186
73 204
73 220
74 105
74 177
74 93
74 121
74 150
74 223
74 71
74 224
74 64
74 221
74 267
75 120
75 101
75 227
75 112
75 265
76 82
76 43
76 99
77 202
77 23
77 297
78 57
78 14
78 41
78 163
78 131
78 199
79 93
79 285
79 194
79 213
80 0
80 140
80 127
80 251
81 226
81 13
81 194
82 139
82 182
82 12
82 1
82 76
82 66
83 92
83 242
83 160
83 199
84 102
84 267
84 94
84 208
84 297
85 243
85 16
85 213
85 109
85 160
86 207
86 116
86 191
86 111
86 13
87 253
87 116
88 210
88 144
88 13
88 260
88 136
88 269
88 170
88 234
88 116
88 246
89 94
89 292
89 31
89 289
89 171
89 183
89 170
90 41
90 299
90 113
90 99
90 103
90 61
91 63
91 224
91 69
91 2
91 222
91 140
91 279
91 277
91 118
92 119
92 262
92 83
92 173
93 79
93 74
93 223
93 0
93 10
94 89
94 131
94 199
94 121
94 1
94 84
94 271
94 176
95 165
95 259
95 299
95 227
95 151
95 111
95 31
95 253
95 154
95 37
95 286
96 145
96 289
97 239
97 242
97 15
98 197
98 224
98 146
98 263
98 167
98 27
98 117
99 42
99 90
99 100
99 266
99 76
100 3
100 115
100 0
100 99
101 75
101 149
102 84
102 196
102 33
102 124
102 225
102 203
103 216
103 213
103 90
103 14
103 284
103 229
103 291
103 123
104 106
104 280
104 253
105 71
105 74
105 234
106 243
106 119
106 61
106 104
106 248
106 112
106 46
106 174
107 11
107 200
107 229
107 68
108 210
108 267
109 150
109 19
109 85
109 6
110 62
110 152
110 262
111 140
111 18
111 86
111 123
111 95
111 119
112 35
112 148
112 106
112 75
112 238
112 290
112 286
113 29
113 153
113 237
113 211
113 90
113 47
114 200
114 23
114 271
114 283
114 299
115 158
115 274
115 20
115 100
115 171
115 70
116 86
116 120
116 136
116 88
116 87
117 19
117 98
117 61
118 131
118 6
118 91
118 8
119 106
119 214
119 92
119 57
119 51
119 289
119 167
119 272
119 125
119 175
119 111
119 234
120 166
120 75
120 254
120 149
120 240
120 116
120 139
121 200
121 247
121 94
121 74
121 25
121 288
122 270
123 237
123 266
123 196
123 111
123 103
123 237
124 219
124 102
124 9
125 135
125 289
125 22
125 222
125 148
125 0
125 119
126 262
126 44
126 299
126 144
127 20
127 80
127 54
127 49
128 195
128 16
128 249
129 188
129 166
129 142
129 161
129 225
130 2
130 31
130 29
130 243
130 24
131 94
131 242
131 68
131 118
131 56
131 166
131 176
131 257
131 78
131 236
132 36
133 136
133 166
133 48
133 170
133 158
134 50
134 54
134 58
134 61
134 1
134 159
135 294
135 278
135 125
135 266
135 240
135 136
135 20
135 136
135 252
135 220
136 133
136 88
136 16
136 149
136 40
136 135
136 179
136 135
136 116
136 237
136 242
136 257
137 264
137 293
137 229
137 291
137 0
137 159
138 197
138 153
138 227
138 201
139 82
139 154
139 120
140 111
140 263
140 210
140 80
140 54
140 91
141 209
141 190
141 259
142 288
142 210
142 248
142 129
142 189
143 181
143 177
143 20
143 168
144 88
144 248
144 126
144 48
145 181
145 96
146 98
146 33
146 185
146 63
146 280
146 250
146 67
146 35
147 274
147 226
147 220
148 162
148 112
148 151
148 72
148 46
148 125
148 186
148 9
148 275
149 120
149 299
149 136
149 178
149 67
149 66
149 101
150 198
150 198
150 58
150 109
150 74
151 60
151 148
151 274
151 95
151 298
152 72
152 67
152 110
153 44
153 113
153 138
153 185
153 44
154 218
154 245
154 139
154 202
154 95
155 190
155 46
155 274
155 216
155 251
156 41
156 230
156 164
156 69
156 213
157 247
157 202
157 224
157 255
157 18
158 243
158 115
158 171
158 181
158 133
159 168
159 189
159 242
159 137
159 134
160 259
160 37
160 85
160 83
160 169
160 35
161 279
161 63
161 176
161 46
161 268
161 214
161 129
161 172
162 28
162 148
162 51
162 247
162 167
162 167
162 19
162 64
163 234
163 221
163 72
163 78
164 5
164 203
164 266
164 170
164 156
164 0
165 95
165 196
166 120
166 133
166 129
166 131
167 249
167 6
167 98
167 299
167 55
167 162
167 162
167 119
167 255
167 223
167 203
168 66
168 159
168 71
168 235
168 41
168 0
168 143
168 187
169 281
169 178
169 67
169 160
170 49
170 19
170 164
170 88
170 133
170 89
171 158
171 115
171 89
171 262
172 243
172 209
172 264
172 161
172 295
173 200
173 92
173 32
174 16
174 16
174 106
175 52
175 119
175 186
176 161
176 210
176 15
176 131
176 94
177 192
177 74
177 72
177 211
177 143
178 149
178 169
179 136
179 192
179 193
180 195
180 30
181 65
181 143
181 158
181 145
181 9
182 82
182 63
183 54
183 42
183 252
183 55
183 9
183 260
183 89
183 17
184 228
184 202
184 296
185 48
185 294
185 146
185 210
185 153
185 213
186 255
186 73
186 148
186 56
186 175
187 56
187 243
187 45
187 240
187 168
188 36
188 129
188 23
188 47
188 14
188 225
189 159
189 142
190 155
190 202
190 141
190 45
191 86
191 236
192 194
192 177
192 21
192 253
192 280
192 44
192 220
192 263
192 46
192 179
193 253
193 179
194 70
194 192
194 204
194 79
194 81
195 6
195 180
195 128
195 29
196 123
196 165
196 102
197 98
197 138
197 0
197 216
198 150
198 23
198 150
198 33
198 287
199 266
199 202
199 8
199 94
199 261
199 78
199 83
200 256
200 121
200 213
200 107
200 114
200 51
200 173
200 2
201 24
201 138
201 247
202 31
202 199
202 190
202 38
202 157
202 154
202 77
202 184
202 264
202 241
203 211
203 164
203 253
203 214
203 249
203 167
203 269
203 102
203 206
204 194
204 73
205 261
205 71
205 58
206 203
207 86
207 218
207 68
208 84
209 21
209 141
209 251
209 172
209 70
210 88
210 108
210 296
210 142
210 185
210 211
210 176
210 140
211 203
211 19
211 113
211 276
211 210
211 177
212 28
213 41
213 200
213 32
213 103
213 27
213 85
213 69
213 156
213 79
213 47
213 185
214 289
214 119
214 11
214 203
214 161
215 45
215 10
216 103
216 155
216 14
216 197
217 237
217 284
217 252
218 154
218 207
218 41
219 124
220 192
220 147
220 135
220 73
221 295
221 163
221 74
221 5
222 35
222 125
222 279
222 91
222 1
223 238
223 167
223 93
223 40
223 74
223 237
223 15
223 239
224 98
224 91
224 157
224 74
225 298
225 102
225 27
225 129
225 188
226 81
226 147
226 258
227 3
227 293
227 75
227 241
227 95
227 238
227 269
227 138
228 184
228 285
228 67
229 44
229 10
229 137
229 281
229 103
229 107
230 156
230 278
230 28
232 250
232 284
233 67
234 105
234 163
234 251
234 88
234 64
234 119
235 0
235 58
235 250
235 168
236 293
236 191
236 27
236 131
237 217
237 123
237 294
237 113
237 24
237 17
237 2
237 223
237 136
237 249
237 123
238 223
238 227
238 112
238 284
239 97
239 29
239 7
239 223
240 47
240 120
240 135
240 187
241 70
241 63
241 288
241 227
241 202
241 246
242 97
242 131
242 294
242 159
242 83
242 136
243 106
243 85
243 158
243 172
243 51
243 187
243 28
243 130
244 39
244 62
245 266
245 9
245 154
245 7
245 256
246 241
246 88
247 1
247 157
247 56
247 121
247 162
247 2
247 201
248 144
248 106
248 142
249 259
249 167
249 203
249 128
249 237
249 265
250 59
250 232
250 146
250 235
251 297
251 155
251 209
251 234
251 80
252 183
252 217
252 10
252 135
253 58
253 193
253 299
253 192
253 203
253 95
253 87
253 19
253 104
254 120
255 186
255 69
255 167
255 285
255 157
256 200
256 298
256 293
256 36
256 275
256 261
256 245
257 6
257 131
257 136
258 262
258 51
258 226
259 249
259 19
259 95
259 160
259 26
259 141
259 7
260 88
260 183
261 205
261 52
261 199
261 256
262 126
262 171
262 43
262 92
262 286
262 110
262 37
262 36
262 258
263 98
263 140
263 277
263 61
263 192
264 137
264 58
264 202
264 172
264 42
265 40
265 43
265 75
265 12
265 249
266 199
266 245
266 35
266 65
266 164
266 123
266 135
266 99
267 15
267 108
267 84
267 8
267 74
268 268
268 268
268 276
268 161
268 270
269 15
269 88
269 274
269 58
269 28
269 227
269 273
269 8
269 285
269 203
269 279
270 10
270 122
270 268
271 55
271 114
271 94
272 119
273 269
274 155
274 115
274 147
274 151
274 269
274 282
275 256
275 148
276 27
276 16
276 211
276 268
277 25
277 19
277 263
277 91
278 135
278 48
278 230
279 161
279 44
279 299
279 222
279 91
279 269
280 192
280 146
280 69
280 104
281 169
281 34
281 229
282 61
282 18
282 274
283 114
283 298
284 217
284 49
284 238
284 232
284 103
285 7
285 228
285 79
285 255
285 269
286 262
286 112
286 95
287 5
287 51
287 198
288 142
288 241
288 121
289 214
289 125
289 119
289 89
289 96
290 112
291 137
291 103
292 89
292 46
292 15
293 137
293 227
293 256
293 236
294 135
294 237
294 185
294 242
294 53
295 221
295 0
295 172
296 210
296 29
296 184
297 72
297 251
297 77
297 7
297 58
297 84
298 256
298 225
298 283
298 151
299 253
299 279
299 95
299 149
299 90
299 167
299 114
299 126
7
174
91
94
265
13
82
114
3
205
217
20
3
-1
-1
-1
